1.366317987442017, 0.317831754684448, -1.105152606964111, 0.908934116363525, -0.475787699222565, -0.003078318666667, -0.211729153990746, 0.198168769478798, 0.875824689865112, 0.994380056858063, -0.447560817003250, -0.925720930099487, -0.834502935409546, -0.103696361184120, 0.567104816436768, -0.808735013008118
-0.265284597873688, -0.581394314765930, -0.476534128189087, 0.672633826732635, 0.093104183673859, 0.790378332138062, -0.501813828945160, 0.979049742221832, 1.145784974098206, -0.704527676105499, 0.351639121770859, 0.845519185066223, -0.537703394889832, 1.019473433494568, -1.089524865150452, 0.995303094387054
-0.930340111255646, -1.003729224205017, 0.624481976032257, 0.870111703872681, 1.237478494644165, 0.196060165762901, -0.725212872028351, 0.942006707191467, 0.474628239870071, 0.515100002288818, -0.111615225672722, -0.790794551372528, -0.870682537555695, 1.107570528984070, 0.994575440883636, 0.819671690464020
1.454770684242249, 0.574114084243774, 0.095942698419094, 0.108373709022999, -0.167100638151169, 0.717968642711639, -0.130743056535721, 0.109665088355541, -0.820634365081787, 1.112217545509338, -0.414966315031052, -0.301142781972885, -0.148282378911972, -1.457626581192017, -0.970630884170532, 0.814370334148407
-0.008110654540360, 0.634373962879181, -0.930112123489380, 1.392441391944885, 0.461544126272202, -0.837191283702850, 1.045160531997681, 0.989687502384186, -0.830514609813690, -0.653044164180756, -0.725999832153320, 0.289082705974579, -0.215459451079369, -0.196324005723000, -0.892208337783813, -0.895422935485840
-0.717723309993744, 1.138396382331848, 0.042925070971251, -0.024036612361670, -1.045318007469177, -0.990466654300690, -0.945510506629944, 0.387181371450424, -0.592974066734314, 0.394171357154846, -1.111099600791931, 0.032590333372355, 0.573719322681427, 0.298400670289993, 0.684952020645142, 1.245465278625488
-0.721980452537537, 0.982271969318390, 1.170377135276794, -0.709150373935699, -0.001909684971906, 1.102066278457642, 0.436153113842010, 0.656356513500214, -1.119635820388794, -0.748933732509613, -0.158488929271698, -1.106612443923950, -0.331220030784607, 1.303525567054749, -0.173500657081604, -0.775698065757751
0.817703485488892, 0.566180229187012, 0.890243947505951, 0.405886769294739, 1.216899752616882, -0.206787362694740, 0.693839430809021, 0.641297459602356, -0.931331038475037, -0.560186684131622, 1.223378419876099, -0.291396051645279, -0.780395328998566, -0.528024137020111, 0.885890543460846, 0.548940837383270
-1.150660157203674, 1.026237845420837, -0.203714072704315, -0.018846429884434, 0.977238535881042, 0.811301648616791, 0.421334087848663, 1.116018652915955, 1.123900294303894, -0.745733797550201, -0.033016778528690, 0.388001918792725, 0.369160622358322, 0.137130618095398, -0.605172932147980, 0.265231788158417
1.050496816635132, -0.364620596170425, -0.583053886890411, -0.381292968988419, -0.268600881099701, 0.874704182147980, 1.069536089897156, 0.974116265773773, 0.876704812049866, -0.315638452768326, -0.522839128971100, -0.956798136234283, 0.426995694637299, 0.223056197166443, -0.082419693470001, 0.097950026392937
-0.262608677148819, 0.662714302539825, -0.268601804971695, 0.767589926719666, -0.474216997623444, -0.771592020988464, -0.085504271090031, -0.365874022245407, 0.612753629684448, 1.467847585678101, 0.958302140235901, -0.315324813127518, 0.586694359779358, 0.074974402785301, 0.445192784070969, 0.701217651367188
-0.738347053527832, -0.793989777565002, 0.145176991820335, 0.431960761547089, -1.375707626342773, -0.206829205155373, 0.871311485767365, -0.317067086696625, 0.471171021461487, 1.327402591705322, -0.330355107784271, -0.676869094371796, 0.512196898460388, -0.111476823687553, 1.300756335258484, 0.833605885505676
-0.699890077114105, 0.376825600862503, 0.234911307692528, 0.291882872581482, 0.081913374364376, 0.931411266326904, -0.577965915203094, 1.000628232955933, -0.913542628288269, -0.506860613822937, 1.375108003616333, 0.639020502567291, 0.726580142974854, 0.720772564411163, -0.069575995206833, 0.242186531424522
0.735616147518158, 0.287123262882233, -0.485024601221085, 0.046260531991720, 1.262550473213196, -1.036322236061096, -0.888015508651733, 0.045204930007458, 0.304756373167038, -0.124525859951973, 0.806167483329773, -0.491701185703278, -1.435349702835083, 1.135919928550720, 0.284581363201141, 0.270743042230606
-0.840482652187347, -0.265831142663956, 0.074386775493622, -0.766078233718872, 0.848161101341248, -0.621312379837036, 0.104196950793266, 1.068089962005615, -0.428105056285858, -0.198587104678154, -0.780568063259125, -0.096946537494659, 0.513377785682678, 0.465685278177261, -1.028438448905945, -0.792899191379547
-0.581586480140686, 0.727627336978912, 0.168247148394585, 0.719462156295776, 0.008084328845143, 0.896910130977631, -1.060256361961365, -1.001224875450134, 0.517725050449371, 0.732477784156799, -1.445979356765747, 0.202567949891090, -0.141576647758484, 0.397224903106689, 0.346519708633423, -0.603052020072937
-0.312835872173309, 0.752409934997559, -0.330923199653625, 0.475181788206100, -0.740934848785400, 0.681326448917389, -1.011464476585388, 0.921016633510590, -0.866167843341827, -0.026910021901131, -0.955401122570038, -0.291420608758926, 0.813214123249054, -0.228219136595726, -0.402084290981293, 1.140750527381897
-1.139157891273499, 1.022806525230408, 0.406673520803452, 0.663211345672607, -0.031775034964085, 0.804896831512451, 0.003616166533902, 0.719730198383331, -1.160139560699463, -0.279677182435989, -0.754339516162872, -0.053612452000380, -0.556137323379517, 0.957485914230347, 1.160070657730103, -0.154457658529282
0.631540954113007, 0.421124577522278, -0.992107510566711, 1.193161129951477, -0.302984386682510, -1.296150445938110, 0.771780073642731, 0.964495182037354, -0.993923008441925, -0.369650751352310, -1.113140225410461, 1.075428009033203, -0.149030908942223, 0.592686057090759, -0.907762527465820, 0.209068551659584
0.182805418968201, -0.338437825441360, -0.131750985980034, 0.408982455730438, 0.335529148578644, -0.647934496402740, -0.783437490463257, -0.434893518686295, -0.828697800636292, 0.580325484275818, -0.074430026113987, -0.462009757757187, 0.892384529113770, 0.830519437789917, -0.740650475025177, 1.203429698944092
-0.022261396050453, -0.021482773125172, 0.297771036624908, 0.298660755157471, 1.217371582984924, -0.575750231742859, -1.325309514999390, 0.064470827579498, 0.532748043537140, -0.437457442283630, -0.079235143959522, -0.412021994590759, -0.800217866897583, 0.248843610286713, -0.670427024364471, 0.117402762174606
0.804440796375275, 0.792086899280548, -0.495074421167374, 0.600771546363831, -1.020630836486816, -0.118344187736511, -0.924404382705688, 1.001468539237976, -0.691379308700562, -0.388168007135391, 0.705808937549591, -0.779669702053070, 0.177493751049042, -0.768002212047577, -0.823669850826263, 0.046527117490768
0.085105247795582, 1.007489085197449, 0.594439387321472, 0.421267420053482, -0.725672304630280, -0.647946357727051, -0.705736398696899, 0.433539092540741, -0.879474163055420, 0.201635628938675, 0.161404639482498, -1.098151206970215, 0.658904492855072, -0.761152088642120, 1.156973719596863, 0.103391081094742
-0.119267709553242, -0.636057615280151, 0.107167914509773, -0.745469689369202, 0.471887826919556, 0.970787942409515, -0.914736449718475, 0.334000885486603, -0.121104806661606, 0.789181113243103, -0.919176876544952, 0.403703123331070, -0.927612483501434, -0.899564146995544, -0.505867123603821, -0.477032363414764
-1.356250286102295, -0.850932657718658, 0.926131486892700, -0.916065573692322, 0.010065554641187, -0.532364964485168, -1.033747911453247, 1.106842756271362, -0.961239814758301, 0.576959192752838, 0.147171676158905, 0.506342828273773, -1.213329315185547, -0.813478529453278, 0.095265209674835, 0.748281836509705
0.825741231441498, -0.896945536136627, -0.442790001630783, -0.336619287729263, -0.082948513329029, -1.103766202926636, -0.069528035819530, 0.106160655617714, -0.003677380271256, -1.185609817504883, 0.850046873092651, 1.275164604187012, -0.703786313533783, -0.647654116153717, 1.133612990379333, -0.209265619516373
-0.811539649963379, -0.225759521126747, -1.488581895828247, 0.133099377155304, 0.102495454251766, 0.932142078876495, 1.232981324195862, 0.965876281261444, 0.067061088979244, 1.031586170196533, 0.729041099548340, 0.622280299663544, -0.150673657655716, 0.773423194885254, -1.030897378921509, 1.136566758155823
-0.539074897766113, -0.781569838523865, -0.952525913715363, -0.786260068416595, -0.037440471351147, 0.722114443778992, -0.256596565246582, -1.058456301689148, -0.232279852032661, 0.156616911292076, -0.926140666007996, 0.739936172962189, -0.877915143966675, -1.093643426895142, 0.623563170433044, 0.845430850982666
-0.612571001052856, -0.084789358079433, 1.053960680961609, 0.886025249958038, -0.719822287559509, 0.874443173408508, 0.929874122142792, 0.308022469282150, 0.870046734809875, -0.950543701648712, -1.061559557914734, 0.301211357116699, -0.808675587177277, 0.200202241539955, -0.403474092483521, -0.155514672398567
-0.514973700046539, -0.434692323207855, -1.101793289184570, 0.101989977061749, -1.205934524536133, -0.233138740062714, 0.430952578783035, 0.221775159239769, -1.097537040710449, 0.139721795916557, -0.891896843910217, 0.272051632404327, -0.993205070495605, -0.434426993131638, -0.051291592419147, -1.250591635704041
0.258128404617310, 0.444223523139954, -1.400169134140015, -0.382321774959564, -0.002524305367842, -0.512614607810974, 0.546303749084473, -0.970173478126526, 0.976040720939636, 0.854286730289459, -0.542461991310120, 0.811848878860474, 0.125508725643158, 0.815923810005188, -1.283598542213440, 0.545288503170013
0.456309050321579, -0.592813074588776, 0.928038775920868, 0.805375218391418, -0.763065874576569, 0.005178417079151, 0.489454269409180, 0.659819662570953, -0.246131122112274, -0.386141419410706, 0.553257465362549, -1.012565970420837, 1.061492800712585, 0.418975651264191, -0.795929610729218, -1.037438511848450
0.296545505523682, -1.307212591171265, -1.249144196510315, 0.337972313165665, -0.617359936237335, -1.178029775619507, -0.477847337722778, 1.021018505096436, 0.410338550806046, -0.612968564033508, -0.175490930676460, -0.696006178855896, 0.011239391751587, 0.941202521324158, 0.326395750045776, 0.396742373704910
0.637621819972992, -0.775590598583221, 0.993507683277130, 0.394856989383698, 0.765420734882355, -0.760071933269501, 0.520453333854675, 0.755236029624939, 0.667454302310944, 0.927784204483032, -0.649135708808899, -0.750800192356110, 0.466135293245316, -0.530734658241272, -1.111864328384399, 0.425677180290222
-0.203271612524986, -0.260306179523468, -0.625045359134674, -0.680765390396118, 0.799571394920349, -0.648781955242157, -0.030345808714628, -0.640507817268372, -0.891311347484589, -0.525801360607147, -0.843791782855988, 0.641377687454224, -0.563418030738831, 0.535840690135956, -0.159808441996574, 1.637285351753235
-0.516265511512756, -0.373973876237869, -0.007902130484581, -1.066835165023804, -0.749438464641571, -0.413300633430481, 0.511622905731201, -0.331046730279922, -0.143342018127441, -0.242854416370392, -1.108765482902527, -0.501242160797119, -0.726041793823242, 0.151376992464066, -0.051945004612207, -0.592510879039764
-0.001179772545584, -1.006990551948547, 0.834976553916931, 0.262589782476425, 0.836529254913330, -1.268615007400513, 0.423864841461182, 1.130748987197876, -0.927148878574371, 0.194417476654053, -0.134578168392181, 0.158415585756302, -0.616300344467163, 0.003022061195225, 1.518438816070557, -0.502208352088928
0.635109066963196, 0.010452196933329, 0.749521732330322, -0.538012921810150, 0.411615937948227, -1.209031462669373, -0.849871337413788, -0.727300822734833, -0.773873031139374, -0.742136716842651, -0.775639533996582, -0.744093298912048, -0.905761897563934, 0.542612850666046, 0.671040534973145, -0.168517500162125
0.829253554344177, -0.785068035125732, 0.266448825597763, 0.641208469867706, 0.634249031543732, -0.643901407718658, -0.570603370666504, 0.635518610477448, -0.684330701828003, 0.231234341859818, 0.815715253353119, 0.828920304775238, 0.826043844223022, -0.349833577871323, -0.028504857793450, 0.641346931457520
0.133445456624031, 0.637014448642731, 0.539727628231049, 0.597542464733124, 0.771150171756744, 0.964251279830933, -0.429978400468826, -0.125426575541496, 0.813474833965302, -0.497920364141464, -0.149220153689384, -0.649445295333862, 1.178969621658325, -1.308977484703064, 0.260465413331985, 0.384061485528946
0.885342478752136, 0.198479160666466, 0.644244074821472, -0.479455620050430, -0.615788459777832, 0.870262742042542, 1.169957876205444, 0.748130202293396, 0.712946653366089, 0.585694015026093, -0.115474626421928, -0.103306978940964, 0.741000771522522, 0.873335063457489, 0.341022968292236, -0.284923225641251
-1.489380002021790, -0.771537303924561, -0.684812128543854, -0.764558255672455, 0.825686573982239, -0.065587826073170, 0.742464900016785, 0.461505532264709, -0.328789681196213, -0.405965447425842, -0.191244825720787, -1.108954429626465, 1.230115532875061, -0.235757037997246, -0.361463427543640, 0.745124876499176
0.676870822906494, 1.480930447578430, 1.017771959304810, 0.678336560726166, 0.002795299980789, -0.320923477411270, 0.643215239048004, -1.058309674263000, 0.031929250806570, -1.369712471961975, 0.296110570430756, 0.994660317897797, 0.320979177951813, -0.435614913702011, -0.588946998119354, 0.685296297073364
0.618080139160156, 0.383044391870499, -0.043034989386797, -1.146697521209717, 0.557739794254303, -0.916121363639832, -0.395768135786057, -0.525757074356079, 0.233208000659943, -0.731029152870178, -1.056508183479309, -0.757479190826416, 0.536124587059021, -0.349381774663925, -1.197079062461853, 0.438268959522247
-0.326646387577057, -1.258259296417236, -0.476336121559143, 0.762802302837372, 1.170183897018433, 0.051431886851788, 0.425283014774323, -0.631790220737457, 0.329860568046570, -0.791088879108429, 1.149405598640442, 0.537467598915100, 0.025428490713239, 0.443430840969086, -0.779391288757324, -0.064281463623047
0.026972284540534, -0.402037858963013, 0.524054229259491, -0.735019743442535, -0.875443875789642, 0.495804905891418, -1.018864035606384, 0.437906920909882, -0.742100238800049, -0.564858019351959, 0.219483748078346, -1.141055583953857, 1.079084277153015, 0.936319828033447, -0.394340246915817, 0.997191786766052
-0.795099198818207, -0.500784575939178, 0.497965872287750, -1.060109972953796, 0.922130703926086, 1.016329169273376, -0.644512474536896, -0.431348830461502, -0.920743405818939, 0.822218954563141, 0.161576554179192, -0.630607426166534, -0.137608021497726, 0.282113283872604, 1.063944339752197, -0.915026187896729
-0.282476305961609, -0.516666889190674, -0.182797223329544, 1.229806423187256, -0.006194405257702, 0.203457042574883, -0.865297079086304, 0.112102463841438, -0.592358231544495, 0.362427353858948, 0.525991737842560, 1.148339867591858, -0.985434532165527, 0.037219915539026, 0.416718482971191, -0.912645041942596
0.773053407669067, 0.847313046455383, 0.829780876636505, -0.389135897159576, 0.917147576808929, -0.810007393360138, -1.019437670707703, 0.038749117404222, 0.600592434406281, 0.430487662553787, -0.622074723243713, -0.677007436752319, 0.218044146895409, -0.055601567029953, 0.538935303688049, -0.989530265331268
-1.295036315917969, 1.025143027305603, -0.799985229969025, -0.319837749004364, 0.074643321335316, -0.026992442086339, -0.443513095378876, 0.712959170341492, -0.799315452575684, -0.469293802976608, 0.818176448345184, 0.953612983226776, 0.779300749301910, -0.444430083036423, -1.273083686828613, 0.150966718792915
0.514047265052795, -0.236646071076393, -0.696917831897736, 0.037111073732376, 0.845436096191406, 0.446843922138214, -0.480015248060226, 0.157126322388649, 0.941078066825867, -1.057556867599487, 0.186023414134979, -1.056923151016235, -0.066995970904827, 0.025721555575728, -0.070407658815384, -0.607777535915375
-0.122926197946072, -0.167924806475639, 0.810033440589905, 0.114052042365074, 0.115982957184315, -1.253048539161682, -0.660994112491608, -0.176981493830681, 0.280177831649780, -0.262646168470383, -0.236194491386414, -0.751781523227692, 1.000048279762268, -1.289926409721375, -1.077478766441345, -1.262399196624756
-0.601759552955627, -0.410941511392593, -0.937165379524231, -0.515765428543091, -1.084836363792419, 1.568907618522644, -0.753204286098480, 0.580162286758423, -0.737660229206085, 0.839428722858429, -0.216374605894089, -0.278622686862946, -0.560988306999207, 0.039773240685463, 0.009843317791820, -0.428543478250504
-0.104064278304577, -0.195822060108185, -0.370391815900803, 0.071885377168655, -0.804101645946503, -1.017542362213135, 0.840615332126617, -0.773816585540771, 0.952306032180786, 0.720945417881012, -0.971571564674377, -0.592780292034149, -1.127892136573792, 0.411145180463791, 0.597646296024323, 0.972823798656464
-1.124449491500854, 0.512255787849426, 0.796112954616547, -1.014481782913208, -0.665700495243073, 0.962283551692963, -1.077271342277527, 0.180730640888214, 0.533580362796783, 0.432029336690903, -0.984520077705383, 1.082314848899841, -0.152204886078835, 0.293585151433945, -0.072041213512421, -0.705071568489075
0.540547370910645, 0.145849421620369, 0.765229642391205, -0.314020186662674, 1.180228114128113, 0.897016227245331, -0.404981791973114, 0.699190378189087, 0.908266365528107, 0.444305241107941, 0.586888432502747, 0.926836252212524, -0.228551730513573, 0.278172522783279, -0.485330641269684, 0.360305666923523
0.364976733922958, 1.170243024826050, -0.130773708224297, -1.106314182281494, -0.592682003974915, -0.043127968907356, -0.083127051591873, -0.390484690666199, -0.813389599323273, -0.614403963088989, 0.687694847583771, 0.877508997917175, -0.059975069016218, 0.211459144949913, -0.373358249664307, -0.210837915539742
0.591254651546478, -1.372268438339233, -0.335373073816299, -0.263523310422897, 0.088267192244530, 0.893636465072632, 0.116289474070072, -0.184917911887169, 0.060682952404022, -0.068101450800896, -0.456947505474091, 0.573949038982391, 0.956930577754974, 0.584037244319916, 0.046749647706747, 0.017999226227403
-0.545262873172760, 0.553961753845215, 1.080737352371216, -0.702206730842590, -0.701114892959595, -1.138740658760071, -0.002272974001244, -0.143031269311905, 0.136702746152878, -0.179610595107079, -0.155177876353264, 0.990828394889832, 0.095296703279018, -0.713792800903320, 0.551316559314728, 1.067233443260193
-0.822956323623657, 0.239327073097229, -0.612970352172852, 0.262699156999588, 0.812122344970703, 0.556327939033508, 1.298552751541138, 0.285991460084915, 0.678095936775208, -0.806163012981415, -0.424645453691483, -0.608791053295135, -0.672669291496277, -1.045547842979431, 1.000729084014893, 0.831968784332275
0.509477257728577, 0.156409293413162, 0.864778041839600, 0.364997744560242, 0.226260095834732, -0.114259995520115, 0.324218541383743, -0.048211794346571, 1.295721769332886, -0.605558454990387, 1.278791069984436, -0.783904433250427, -0.765583693981171, -0.062246099114418, -0.861933648586273, 0.261423468589783
0.588913500308990, -0.280740022659302, -1.017555713653564, 0.162888035178185, -0.105108641088009, 0.178065627813339, -0.779624760150909, -0.081634841859341, 0.845899581909180, -0.137411281466484, 0.305394083261490, 1.149873375892639, -0.106024079024792, -0.468957245349884, -0.718135833740234, -0.516800045967102
-0.642051219940186, 0.539612412452698, -0.477535516023636, -0.783983111381531, 0.943652987480164, -0.902152776718140, 0.789620280265808, -0.759944796562195, 0.774787724018097, -0.453135281801224, -0.876238763332367, -0.530274391174316, -0.517050564289093, -0.050443526357412, 0.375192016363144, 0.817042171955109
1.019792675971985, -0.497880488634109, 0.066203668713570, 0.406723439693451, -0.922135293483734, -0.309890300035477, -0.717531979084015, -0.757362186908722, -0.364798694849014, 0.704444050788879, -0.064152091741562, -0.081916347146034, 0.161807954311371, -0.042019333690405, -0.954071164131165, -0.540973544120789
-1.238421201705933, -0.164803490042686, -0.161917969584465, -0.253937870264053, 0.860098302364349, -0.187480643391609, 0.917301177978516, 1.100809454917908, 0.323389023542404, 0.569148123264313, 0.333874076604843, 0.633944332599640, 0.618414640426636, -0.743564844131470, -0.932184398174286, -0.725640475749969
0.281014591455460, 0.072511471807957, -0.825261652469635, 0.153906270861626, 0.249592691659927, 0.673334836959839, 1.087821483612061, -1.061823129653931, -0.233167707920074, 0.609035670757294, 0.222116276621819, -0.001740300678648, 1.167432069778442, -0.836338639259338, -0.143151268362999, 0.490929991006851
-0.041025519371033, -1.065234422683716, -0.409811705350876, -0.657556772232056, -0.994529187679291, 0.041796967387199, -0.162293598055840, 0.638957917690277, 0.513628482818604, -1.280983686447144, 0.623144030570984, 0.219083145260811, -0.337306827306747, -0.173294827342033, -0.104864463210106, 0.201252654194832
0.838273525238037, 1.203783631324768, 0.381098687648773, 0.596352279186249, -0.371106088161469, -0.923859953880310, -0.494434326887131, 1.027687907218933, 0.114059716463089, -0.483003199100494, -0.553308010101318, -0.754411041736603, 0.736028730869293, 0.593828082084656, -1.121073126792908, 0.653077721595764
0.599562883377075, 1.141644001007080, 0.116607494652271, 0.214175626635551, -0.283561170101166, -0.714439451694489, 0.965800523757935, -0.526624262332916, 0.803632557392120, 1.221078038215637, -0.190384894609451, -0.563264131546021, 0.295823454856873, 0.877465367317200, -0.956463634967804, -0.189723744988441
0.257594555616379, -0.960152566432953, -0.713094174861908, -0.596961319446564, -0.596462249755859, 0.088200211524963, -0.061461217701435, -0.093437224626541, -0.475555688142776, -0.932570099830627, -0.930007994174957, -0.980278849601746, -0.678025960922241, 1.218729615211487, -0.249480426311493, 0.828551173210144
-1.043654441833496, 0.932505130767822, 0.585401713848114, -0.414893090724945, -0.669081985950470, -0.620498239994049, -1.071364879608154, -0.467016160488129, 0.789898812770844, 0.015216032974422, 0.276557534933090, -0.199533954262733, -0.228914201259613, 0.806198000907898, -0.587690591812134, -0.849832057952881
-0.155790925025940, 1.261731743812561, -0.698931694030762, 0.994207859039307, -0.132611662149429, 0.372620612382889, -0.774488866329193, 0.941271603107452, -0.323406904935837, -0.883265495300293, -0.464759916067123, 0.228110298514366, 0.686948359012604, 0.470221608877182, 1.044186472892761, 0.903791308403015
0.329763263463974, 0.755370259284973, -1.037545204162598, -0.209265157580376, -0.695784687995911, -0.745342195034027, 0.149487599730492, 0.678440630435944, 0.968130707740784, -1.288677692413330, 0.966577410697937, 0.634770512580872, 0.028541259467602, -0.597790598869324, -0.030941130593419, -0.666229903697968
0.218622371554375, -0.396201342344284, -0.596024334430695, 0.415841430425644, -0.264819532632828, -0.121242679655552, -0.244492590427399, 0.356179326772690, 1.045865178108215, 1.198144555091858, -0.057113375514746, 0.843784987926483, 1.148467898368835, 0.411776006221771, -0.865299046039581, 0.213119670748711
-0.321535557508469, 0.961570501327515, -0.832706928253174, 0.026038220152259, -0.793650150299072, -0.831285595893860, -0.636812210083008, -0.471602141857147, 1.399158477783203, 0.140931144356728, 0.487765729427338, 0.396319180727005, -0.340243369340897, 0.725070476531982, -0.721772491931915, -1.046843886375427
0.427807778120041, 0.314294308423996, -1.045005440711975, 0.180367410182953, 0.074469238519669, 0.867113530635834, -0.017046544700861, -0.016253700479865, 1.114794850349426, 0.311516851186752, -0.126481607556343, -0.203318431973457, 0.454225271940231, -0.774757683277130, 0.554811716079712, 0.001948297605850
-0.700002074241638, 1.104862928390503, -0.558858335018158, 1.506963729858398, -0.759874463081360, 0.211476817727089, -0.100793227553368, -0.375370144844055, 0.656374692916870, -0.079582288861275, -0.626909673213959, -0.018532441928983, -1.088983178138733, 0.116831190884113, -0.907906889915466, -0.718702912330627
-0.286843746900558, -0.637298583984375, 0.266261219978333, -0.496290624141693, 0.666528105735779, -0.894739866256714, -0.037099767476320, -0.678998887538910, -1.047414898872375, 0.256038963794708, 0.999040484428406, -1.197673082351685, -0.129211038351059, 0.686813175678253, 0.643564164638519, 0.184379294514656
1.173192143440247, -0.802901744842529, 1.359602928161621, 0.535838067531586, 0.882210433483124, -0.215189397335052, 0.375626027584076, 0.571562409400940, 0.894667148590088, -0.912556231021881, -0.130706354975700, 0.742325127124786, 0.462699264287949, 0.020293144509196, -0.020540425553918, 0.325147688388824
0.969027519226074, -0.204791039228439, -1.072179317474365, -0.143274143338203, -1.067849516868591, 0.805477261543274, -1.157936573028564, -1.058011770248413, -0.513525366783142, 0.335494160652161, 1.014181613922119, 0.589905023574829, -0.381211817264557, -0.557124614715576, 0.758892834186554, 0.774039745330811
0.750287950038910, -0.330147862434387, -1.272198677062988, -0.421528279781342, -0.621970951557159, 0.184439271688461, -0.017445662990212, -0.028109723702073, -0.449827224016190, -0.269494742155075, 0.710187017917633, 0.211513653397560, 0.237396717071533, 1.026835083961487, -0.236038133502007, 0.526254236698151
-1.093925595283508, 0.791385591030121, -1.162833690643311, -0.603991508483887, 0.553201973438263, -0.248992115259171, -0.667105615139008, 0.401244819164276, 0.379165738821030, -0.269543349742889, -0.031510282307863, 1.165398359298706, 0.654875457286835, 0.072070077061653, 1.175684690475464, -0.770612537860870
0.485552847385406, -0.083259023725986, -0.058611322194338, -1.285017251968384, -0.294676095247269, 0.097622975707054, 0.204970553517342, 1.172992348670959, -0.546211779117584, 0.606907486915588, -0.782618165016174, -0.076325960457325, 0.549572646617889, 1.074056267738342, -0.180841878056526, -0.239549249410629
-0.902004837989807, 0.081504270434380, 0.347398161888123, -0.014884895645082, -0.207421347498894, -0.057186856865883, 0.065536439418793, -0.802575111389160, -0.266476511955261, 0.636395037174225, 0.381511747837067, 0.261146098375320, -0.302308768033981, 1.023392200469971, -1.327120423316956, 0.361160963773727
-0.604974925518036, -0.729966938495636, -0.000162089170772, -0.262163281440735, -0.562995254993439, -0.404589891433716, -0.799902379512787, -0.985149264335632, -0.785593211650848, -1.009085297584534, -0.153454080224037, 0.638692796230316, 0.041529972106218, 0.665387630462646, 0.101796694099903, 0.302113592624664
1.370384693145752, 0.161748796701431, 0.399191290140152, 0.025376457720995, -1.158994674682617, 0.026848940178752, -0.533576190471649, 0.413502305746078, -0.654517889022827, 0.667164385318756, -0.280129462480545, 0.704116761684418, -0.501512467861176, 0.580599665641785, -0.561381876468658, 0.093410655856133
0.003978464286774, 0.373485803604126, 0.088896133005619, -0.856981635093689, 0.715415537357330, -0.949208438396454, 0.568554162979126, 0.092926204204559, 0.318651944398880, 0.630762696266174, 0.236558958888054, 1.082025289535522, -1.151701211929321, -0.050658535212278, 0.171557128429413, -0.285333782434464
-0.300551086664200, 0.503487944602966, 0.888315498828888, -1.310179233551025, -0.377125591039658, -0.438621759414673, -0.486146628856659, -1.054028868675232, -0.460519045591354, -0.842537283897400, -0.479556679725647, 0.261463016271591, -0.386196076869965, -1.034413933753967, 0.026409093290567, -0.033826008439064
1.260119676589966, 0.158677801489830, -0.967138707637787, -0.250995397567749, 1.181102395057678, 0.272012174129486, 0.233584567904472, 0.432120621204376, 0.359634667634964, -1.044851660728455, 0.001027805032209, -0.594193100929260, 0.039283473044634, -0.579757511615753, 0.046289701014757, 1.124200701713562
-0.925290465354919, -0.979513168334961, -0.273327261209488, 1.146662712097168, -0.656536281108856, -0.336516767740250, 0.262757211923599, -0.851725816726685, -0.256631970405579, -0.071815423667431, 0.323012530803680, 0.768877565860748, 1.169691205024719, 0.467620134353638, 0.523591637611389, -0.739472627639771
0.839516341686249, 0.088764093816280, 0.413265973329544, 0.067290239036083, 0.806286811828613, 0.421426832675934, -0.400954842567444, -1.010397672653198, -0.722425818443298, -0.292585223913193, -0.068458750844002, 0.129084125161171, 1.107407569885254, 1.072140693664551, 0.474569380283356, -0.306473314762115
-0.509585678577423, -0.183033123612404, -0.842423498630524, -0.839291453361511, -1.000711798667908, 0.621265470981598, -0.227290615439415, 0.069811850786209, 1.116062879562378, -0.499380320310593, -1.384172677993774, 0.221854001283646, 1.068776726722717, -0.224219128489494, -0.001709700329229, -0.944365501403809
-0.414630740880966, 0.628888070583344, -0.295369684696198, 1.025095939636230, 1.207547068595886, -0.747737169265747, 0.529360055923462, -0.414474070072174, -0.246790722012520, 0.245831578969955, -1.284989476203918, 0.037773016840219, -0.313742280006409, 0.790501236915588, -0.983919799327850, 0.991503298282623
-0.737156987190247, -0.837871074676514, 0.212114587426186, 0.188113972544670, 0.141240119934082, -0.008274536579847, 0.738733410835266, -0.294269055128098, -0.348321735858917, -0.893926024436951, -0.855541467666626, 0.642087101936340, -0.761353850364685, 0.114684626460075, -0.768492817878723, -0.258315175771713
0.952598333358765, 0.963771820068359, 1.111254930496216, -0.382469356060028, -0.723850071430206, -0.290728837251663, 0.584897458553314, -0.805606961250305, 0.633355140686035, -1.365790605545044, -0.050293579697609, 0.078460551798344, -0.843552470207214, 0.596376836299896, -0.781599342823029, -0.712752580642700
-0.099840149283409, -1.274053454399109, 0.079779334366322, -1.027744770050049, -1.204057216644287, 0.239841088652611, -0.023090019822121, -0.435707986354828, 1.161574006080627, -1.016213655471802, -0.503254830837250, -0.109574660658836, -0.636469185352325, -0.546914637088776, 0.166718915104866, 0.727214276790619
-0.644234836101532, -0.479065597057343, 1.103665947914124, 0.563867211341858, -0.897243618965149, -0.596491992473602, 0.975328683853149, -0.687780201435089, -0.194107487797737, -0.693802297115326, -0.725355803966522, -0.773032426834106, 0.456585109233856, -0.248793900012970, 0.340731143951416, 0.677365064620972
0.676979362964630, 0.390339612960815, -1.083324909210205, -0.481846362352371, 1.083829045295715, 0.893436729907990, -0.819115340709686, -0.546395361423492, -0.772683680057526, 0.748717486858368, 0.394355058670044, 0.742916822433472, -0.826689422130585, -0.187736362218857, 0.148243054747581, -0.918160676956177
-0.036414228379726, 0.255309343338013, -0.422117978334427, -0.914930224418640, 1.112799048423767, 0.543705284595490, -0.317975610494614, 0.870282053947449, -0.289643794298172, 0.787302613258362, -0.264689683914185, -1.046971440315247, 0.339044839143753, 0.174433439970016, 0.277958780527115, 0.316266804933548
0.926028668880463, -0.099337242543697, 0.110794931650162, -0.576149821281433, 0.832683682441711, -0.947442054748535, -0.213467717170715, 1.269119739532471, -0.618631482124329, -0.043342627584934, -0.215934410691261, 1.165069580078125, -0.116579517722130, -0.629093050956726, 1.083399057388306, 0.797052264213562
-1.312920331954956, 0.574044287204742, 0.355065822601318, 0.320025354623795, 0.560171127319336, 0.492431402206421, 1.125176429748535, -0.344590067863464, 0.426826626062393, 0.874677121639252, -0.696400940418243, 0.914729058742523, -0.065597109496593, -0.312818080186844, 0.723312020301819, 0.929288566112518
0.395498335361481, 1.407602429389954, -0.816705942153931, -1.195610404014587, -0.546853601932526, -0.100995242595673, -0.019365493208170, 0.204803764820099, 0.584062218666077, -0.622020781040192, 0.068780250847340, -1.037621021270752, 1.106189012527466, -0.660692155361176, 0.845683097839355, 1.012977838516235
-0.826181232929230, 0.093365207314491, 0.224574834108353, 0.254209399223328, 0.494281321763992, -0.955879688262939, -0.255234092473984, -0.220729887485504, 0.617674529552460, 0.246552348136902, 1.124633669853210, 1.478323936462402, 0.844352364540100, 0.380068600177765, 1.461831331253052, -0.011158659122884
0.697453618049622, 0.990023076534271, -0.174422383308411, 0.739048302173615, 0.404449284076691, -0.231612294912338, 1.048788785934448, 0.036148838698864, -0.608627974987030, -0.173947066068649, -0.950819373130798, 1.146777153015137, 0.638648867607117, 1.033340811729431, 1.213819503784180, 0.567130684852600
-0.249591767787933, -0.090216197073460, -0.049915604293346, 0.242305055260658, 0.486654728651047, 0.071045979857445, -0.518360257148743, -1.383439779281616, 0.399042874574661, -0.302199959754944, -0.036398380994797, 0.847930252552032, 0.321219354867935, 0.363156318664551, 0.791319489479065, -1.268407583236694
0.196897491812706, -0.467341154813766, 0.743085801601410, -0.005618169438094, -0.932765543460846, 0.911884367465973, 0.165219381451607, 1.051168441772461, -0.117163479328156, 0.529186964035034, 1.075326323509216, 0.675549387931824, 0.166678264737129, 0.685277044773102, 0.454088836908340, 0.004266085568815
0.700294792652130, -0.937197804450989, 0.595626950263977, 0.803223729133606, -0.336262732744217, 0.241610318422318, -0.989435672760010, 0.295779675245285, -0.600294470787048, 0.976699948310852, -0.143681570887566, -0.289460033178329, -0.075596556067467, -0.306701749563217, 0.146441012620926, 0.414536774158478
-0.603083133697510, 0.983036577701569, -0.896637499332428, 0.937568962574005, 0.645487070083618, 0.793168902397156, 0.257950663566589, 0.135627403855324, -1.210312366485596, -0.837537109851837, 0.099816299974918, -0.617027342319489, -0.614540636539459, -1.301653861999512, -0.182155326008797, -0.860974311828613
-0.279526084661484, -0.796701073646545, 0.584584295749664, -0.136855229735374, 0.202792853116989, -0.686771631240845, -1.073518395423889, 0.740257263183594, -0.063026562333107, 0.071079075336456, 0.651577949523926, 0.400264054536819, 1.222704887390137, -0.472747504711151, -0.926287233829498, -0.927738308906555
-0.363701283931732, -1.210508584976196, 0.591039717197418, -0.210137322545052, 1.023900985717773, -0.009789528325200, 0.531201422214508, -0.863938510417938, 0.636849999427795, 0.825337767601013, 0.470076262950897, 0.034071471542120, 0.539908170700073, -0.527314960956573, -0.487794041633606, 0.938800334930420
-1.164450287818909, 0.339345723390579, 0.269189357757568, -1.136348962783813, 0.844433128833771, 0.164066925644875, -0.389083206653595, -0.242389783263206, 0.591018795967102, -0.822905242443085, 0.305594086647034, -0.617087781429291, 0.949973165988922, -1.046191334724426, -1.088049411773682, 0.303879767656326
0.683365881443024, 0.457325458526611, 0.385629594326019, 1.198853254318237, 0.011279150843620, 0.323859095573425, -0.450846701860428, 0.831275105476379, 0.424893885850906, 0.317226022481918, -0.708999156951904, 0.595771253108978, -0.920317828655243, -1.195290923118591, 0.048332821577787, -1.080273270606995
-0.186146706342697, -0.186042040586472, -0.421581596136093, -0.150793477892876, -0.333918780088425, -1.033124685287476, 0.788709759712219, -0.526272416114807, 0.179492712020874, -0.468225747346878, 0.968509733676910, -1.416520118713379, -0.298225402832031, 0.849940776824951, -0.151444181799889, -0.806338846683502
0.561536967754364, -0.108663879334927, -0.368292868137360, -1.066314101219177, -0.766919434070587, 0.347708702087402, -0.458514869213104, 0.368013709783554, -0.613288581371307, 1.293444514274597, -1.076628327369690, 0.265491634607315, 0.159420982003212, 0.035647731274366, -0.852440059185028, 0.242902845144272
0.203583195805550, 1.080991864204407, -0.858292698860168, 0.761704683303833, -1.010021686553955, -1.090271234512329, -1.055729269981384, -0.622255563735962, 0.869214475154877, -0.204049617052078, 0.669047355651855, -0.444929391145706, 1.074270963668823, -0.020396806299686, 1.002460122108459, 0.387068659067154
-0.690089166164398, 0.736970663070679, -1.242861747741699, -0.654673874378204, 0.323833703994751, -0.996036052703857, 0.410726040601730, 1.194985747337341, 0.036650434136391, -0.213790774345398, 0.642083823680878, -0.590752720832825, 0.082584142684937, 0.939207553863525, 0.953211426734924, -0.371433317661285
0.423181980848312, 0.375515937805176, 0.452690809965134, 0.134982019662857, 0.109632253646851, 0.152021750807762, 0.272814363241196, 0.518831610679626, -0.428386986255646, 0.291843742132187, 0.677427113056183, -1.276010394096375, 1.114770770072937, -0.486240446567535, 0.241152003407478, -1.180351495742798
0.321987152099609, 0.573963820934296, 0.673084795475006, 1.297047257423401, -1.204244732856750, -0.239894554018974, -0.354096025228500, 1.497712969779968, -0.169763028621674, 0.579495787620544, -0.453579545021057, 0.572896540164948, 0.113959096372128, -0.883311271667480, -0.471430927515030, 0.868724048137665
-0.879681050777435, -0.474154889583588, -0.691682815551758, 1.157418370246887, 0.269825607538223, 0.386643052101135, -0.437012761831284, 0.443270474672318, -1.089067697525024, 0.929194688796997, 1.093212723731995, -0.467687219381332, -0.852777838706970, -1.616366863250732, -0.198950171470642, 0.166600793600082
0.452435225248337, -0.708683729171753, -0.658703863620758, -0.325506389141083, 0.065467230975628, -0.313846260309219, 1.133875727653503, -0.159770086407661, 0.875595688819885, 0.611824750900269, 1.133922219276428, 0.164461255073547, 0.775751173496246, 0.824738264083862, 0.395070284605026, 0.430508971214294
-0.921889185905457, -1.236977458000183, -0.015479038469493, 1.121639609336853, 1.141891717910767, 0.205057621002197, -1.049465775489807, 0.058176390826702, 1.135797500610352, 0.383382588624954, -0.472045838832855, -0.807450175285339, 0.273581087589264, 0.881201326847076, -0.794786274433136, 0.200355440378189
0.034647148102522, -0.155985012650490, -0.273695558309555, -0.530284106731415, -0.078950040042400, -0.226943150162697, 0.549802660942078, -0.930833518505096, 0.782588541507721, 0.947041153907776, 0.424293994903564, 0.811269521713257, 0.555157661437988, -1.306890726089478, -0.657120287418365, 0.103724800050259
-0.766914308071136, -0.169757097959518, -1.261006951332092, -0.475008726119995, -0.009829214774072, -0.112814344465733, -0.344070822000504, 0.661564648151398, 0.642498254776001, -0.423899620771408, -0.923874855041504, -0.924369215965271, 0.557710647583008, 0.063262030482292, 0.200171336531639, -1.142845034599304
-0.476998716592789, 0.535464167594910, -0.262276560068130, 0.682417809963226, 0.509443640708923, 1.075027585029602, -0.713946282863617, -0.858492016792297, -0.899744391441345, -0.854682743549347, 0.538881599903107, -0.889578759670258, 1.136517047882080, 0.951980471611023, -1.118971705436707, -0.544503152370453
0.632066786289215, -0.067342393100262, 0.820045650005341, -1.144939422607422, -0.620406329631805, 1.177425861358643, 0.867041230201721, -0.692802071571350, 0.299171835184097, -0.666709303855896, 0.924034357070923, 0.149092242121696, -0.100290715694427, 0.462374955415726, 0.080834247171879, -0.278739660978317
0.931707382202148, -0.717969775199890, -1.113728761672974, 0.029055906459689, 1.119729042053223, 1.081901311874390, 0.971604883670807, -0.699583828449249, -0.497456759214401, -0.107910737395287, -0.267933160066605, 0.420397222042084, 0.526060998439789, 0.949101984500885, 1.062788844108582, -0.002789980731905
-0.624927878379822, -0.687129318714142, -1.132847547531128, 0.067792415618896, 0.299741506576538, -1.081446409225464, -0.112834714353085, -0.288748055696487, -0.470084607601166, 0.824799239635468, -0.358591288328171, -0.319772928953171, 1.087307691574097, -0.486794173717499, -0.215897336602211, 0.817314326763153
0.756576538085938, -0.411390304565430, 1.211258530616760, 1.032773137092590, 0.052822697907686, 0.901109397411346, -0.269276887178421, 0.651475548744202, 1.038731575012207, 0.173009559512138, -0.239651456475258, 0.852766215801239, 0.160905480384827, 0.844578921794891, 0.590138494968414, -0.260084152221680
-0.706795513629913, 0.364608824253082, 0.647933006286621, -0.553961932659149, 0.048521526157856, 0.321505308151245, -0.252442955970764, 0.574595212936401, -0.116507284343243, -1.342213034629822, 0.971091866493225, -0.077217534184456, -0.309443593025208, -0.903472602367401, -0.758487105369568, 0.941837370395660
0.577101647853851, -0.184970691800117, -0.202899560332298, -1.163374423980713, -0.175425991415977, -0.740566253662109, 0.765321075916290, 1.125470757484436, 0.677053153514862, 0.966675579547882, -0.150041073560715, -0.655898213386536, -0.541588306427002, 1.268258213996887, -0.631878256797791, -0.356146931648254
0.101471908390522, 0.701056063175201, 0.807067275047302, -1.086775779724121, -1.118079423904419, 0.251612633466721, -0.497540205717087, 0.229665473103523, 1.090421438217163, 0.883201181888580, 1.140123248100281, -0.334937065839767, -0.809873461723328, 1.343468427658081, 0.643923640251160, 1.144675850868225
0.295303702354431, -0.325905919075012, 0.871959507465363, 0.711759388446808, 0.266973972320557, -0.338762044906616, 0.047994762659073, -0.191095679998398, -0.414642125368118, -0.948404252529144, -0.398835480213165, 0.373125493526459, -1.494304895401001, 0.216235563158989, -0.602151632308960, 0.461988449096680
1.453620076179504, -0.433557599782944, -0.026994271203876, 0.139989539980888, -0.302058428525925, 0.183359369635582, 0.066960290074348, 0.943778157234192, 0.258473247289658, 0.395482867956161, 0.657327651977539, -0.170354366302490, -0.886175930500031, -0.801901400089264, 0.507265686988831, -0.787468552589417
0.265369772911072, 0.128384962677956, -0.426577001810074, 1.166904091835022, 1.064328789710999, 0.212510570883751, -1.570358872413635, -0.366336613893509, 0.661412537097931, 0.597396492958069, -0.099313125014305, 0.636122524738312, -0.941000461578369, 0.780081987380981, -0.676462471485138, 0.513271450996399
-0.302910476922989, -0.353738844394684, 1.015214323997498, -0.860310673713684, -0.700902640819550, -0.792433261871338, -0.136715903878212, 1.184814929962158, 0.372440218925476, 0.988030135631561, 0.340698033571243, 0.730439186096191, 0.471973001956940, 0.888352811336517, -0.735160648822784, -0.583504319190979
0.085853263735771, -0.823692440986633, 0.505097329616547, 0.950797796249390, -0.663146555423737, -0.970012307167053, -0.126521423459053, -0.575608789920807, -0.183766439557076, 0.545166492462158, 1.207425236701965, -1.022504210472107, 0.171481087803841, 1.038025736808777, 0.799145698547363, -0.611370205879211
1.182546854019165, 1.260575771331787, -1.010819315910339, -0.590073764324188, 0.199222147464752, -0.511150598526001, -1.340794324874878, -0.883281946182251, -0.177687823772430, -0.107756502926350, -0.013710389845073, 1.113827109336853, -0.033286124467850, 0.693176448345184, -0.665037155151367, 1.207612276077271
-1.142534017562866, 1.022218942642212, -0.131568670272827, 0.671050608158112, -0.536472320556641, 0.575631141662598, 1.283087134361267, -0.603582024574280, 0.260246992111206, 1.567373633384705, 1.483097791671753, -0.191293373703957, -0.181764915585518, -0.334548681974411, -0.021599644795060, 0.910172462463379
0.451869696378708, 0.569486975669861, -0.603233337402344, -1.005407929420471, -0.186687991023064, -0.120192728936672, -1.133440971374512, -1.238251924514771, 0.942542731761932, 0.999685823917389, 1.041307330131531, -0.905609011650085, -0.787488520145416, -0.476715147495270, -0.825784504413605, 0.252073466777802
-0.653529644012451, -0.063990414142609, 1.067722916603088, -0.824262917041779, 0.504500627517700, -0.389212310314178, -1.487651586532593, -0.104393005371094, -0.870467722415924, -0.794484972953796, 0.667029142379761, 0.439114362001419, 0.276634782552719, 0.945340692996979, -1.072570085525513, 1.102870225906372
0.747311413288116, 0.083874799311161, -0.548758149147034, -0.867666721343994, -0.171900674700737, -1.278365731239319, 0.736323714256287, 0.369173526763916, -0.577102899551392, 0.809250295162201, -0.182775810360909, -0.211388826370239, 0.825505137443542, -1.236450910568237, 0.356958508491516, -1.178583741188049
0.426830500364304, 0.421074986457825, 0.198034569621086, -0.752240717411041, 1.303812980651855, -0.488740891218185, 0.090212777256966, -1.215944528579712, -0.752804875373840, 1.339339852333069, -1.279250741004944, 1.382914662361145, 1.092894315719604, 0.252727955579758, -0.065372787415981, -0.769245028495789
1.030722022056580, 0.885527908802032, 0.474738717079163, 0.259003520011902, 0.677394390106201, 0.892861783504486, 0.957867026329041, 0.831770956516266, -1.180269241333008, 1.220829367637634, -0.420138418674469, -0.774321675300598, -1.087589383125305, 1.030467987060547, 0.117826767265797, 0.138787910342216
-1.308060765266418, 0.906357705593109, 0.767334699630737, -1.087203502655029, 0.153603181242943, -0.971297442913055, -0.040103979408741, 1.072479844093323, 0.552432179450989, 1.247421264648438, 0.258255571126938, -0.105687700212002, -1.051772236824036, 0.080095954239368, 0.978204548358917, 0.167070627212524
-0.012987715192139, 0.255222022533417, 0.672142326831818, 1.273718118667603, -0.510284543037415, 0.453531116247177, 0.557484924793243, 0.216247871518135, 0.109877467155457, -0.236480727791786, -0.718082964420319, 0.321757584810257, 0.387909293174744, 0.350968092679977, 0.422827005386353, 0.783033430576324
-0.201561510562897, 1.548627853393555, -0.120292834937572, -1.085923552513123, 0.712964057922363, -0.479854345321655, 0.193401098251343, 1.229375481605530, -0.047141145914793, 0.832177400588989, -0.128467291593552, 0.996730744838715, 1.054470300674438, 0.790722906589508, 0.484644830226898, -0.644554674625397
0.355924695730209, 0.998555541038513, 1.210527181625366, -0.112645253539085, 0.625014424324036, 1.134137511253357, -0.578563034534454, -0.371831595897675, 1.379342198371887, 0.547166466712952, -1.208063364028931, -0.632096409797668, -0.523217082023621, -0.205714017152786, 0.042013965547085, -0.170573025941849
1.153951644897461, 0.395725786685944, 0.458660334348679, 0.046987164765596, 0.788147807121277, 0.349373430013657, 0.466147094964981, -0.196594193577766, -0.082539863884449, 0.495801091194153, -1.089522719383240, -0.538833022117615, 0.900663375854492, -1.162987470626831, -0.347665816545486, 0.016825659200549
0.005725770723075, 1.034124255180359, 0.725257754325867, -0.624411225318909, -0.315735101699829, -0.183990418910980, 1.276936650276184, 0.737853646278381, -0.159142091870308, 0.484061807394028, 1.343076467514038, 0.801577568054199, -0.144284516572952, 0.227440878748894, -0.959639668464661, -0.202890336513519
-0.189118966460228, 0.503855705261230, 0.842040181159973, 0.014541338197887, 0.434000194072723, -0.889202356338501, -0.694075882434845, 0.076207093894482, 1.057392239570618, -0.123621664941311, -0.679030478000641, 0.423661977052689, 0.916716873645782, -0.086920768022537, 0.426869809627533, 0.642342805862427
-1.057288646697998, 0.062185958027840, -0.197669893503189, 0.792243719100952, -0.663062274456024, -1.183943271636963, 0.771410763263702, -0.663000941276550, -0.222587823867798, 0.535748481750488, -0.263636946678162, -0.399836421012878, -0.601928591728210, -1.039763212203979, -0.563892066478729, 0.475955247879028
-1.038023829460144, 0.969728410243988, -0.138314262032509, 0.720709025859833, 0.107027776539326, -1.124635815620422, 0.548098504543304, -0.321316331624985, -0.852518677711487, 0.644555807113647, 0.516394555568695, -0.228011548519135, -1.275418281555176, 0.052357632666826, -0.781690120697021, -0.356048643589020
0.111308425664902, -1.176237583160400, -0.029518980532885, 0.074009321630001, 0.054924678057432, -0.280315130949020, -0.812146306037903, 0.650841474533081, 0.667848706245422, 0.207641497254372, -1.118927836418152, 0.879797101020813, 0.943706750869751, -0.555898547172546, -0.281056195497513, -0.827582180500031
-0.099284730851650, 0.828745841979980, -0.636992812156677, -0.949068784713745, -1.202965140342712, 0.877446830272675, 0.200887933373451, 0.673237621784210, 0.969444334506989, -0.331687122583389, 0.845503330230713, 0.364717602729797, -1.074888467788696, -1.089567661285400, 0.407646566629410, 1.244526267051697
0.028207005932927, 0.413362205028534, 0.199503183364868, -0.071659095585346, -0.926087439060211, 0.867007136344910, 1.150381088256836, -0.232314720749855, -0.710193157196045, -0.852966368198395, -0.449333727359772, 1.065728306770325, 0.886326193809509, 0.645426094532013, 0.966947078704834, -0.141348645091057
-0.232114642858505, -0.823934555053711, 0.938650548458099, 0.804490506649017, -1.167275547981262, -1.096860647201538, -0.948182463645935, 0.928141415119171, 0.922432184219360, 0.014104233123362, -1.144774079322815, 0.170995056629181, -0.232630446553230, -0.881794691085815, 0.820686340332031, 0.885942995548248
-0.149991586804390, 0.730392575263977, -0.141846477985382, 1.005183458328247, 0.434512972831726, -0.241064295172691, -0.805311560630798, -1.087182760238647, -0.129029497504234, 0.610722303390503, 0.235247582197189, -0.902154386043549, -0.358623147010803, 0.308626919984818, 0.849327147006989, -1.386394858360291
-0.959901392459869, 0.695262432098389, -1.114737868309021, 0.618667721748352, 0.933512508869171, 0.838483750820160, -1.203254818916321, 0.885268807411194, 0.800367176532745, -0.151267722249031, -0.868157684803009, -0.977533638477325, -0.176237002015114, 0.128242135047913, 0.759835660457611, 0.465253144502640
0.307105392217636, -0.695242404937744, -1.110219001770020, -0.208483353257179, 0.839051425457001, -0.803543746471405, -0.068614974617958, 1.192414402961731, 0.960766017436981, -0.285240828990936, -0.494304209947586, 0.517236590385437, -0.992454051971436, 0.468460351228714, 0.091806329786777, -1.095226764678955
0.853559613227844, -0.255241036415100, -0.372758626937866, -1.121646165847778, 0.240007326006889, -0.658785939216614, 0.705870270729065, 0.175889432430267, -0.987831830978394, 0.535466194152832, -0.627896070480347, 0.278452247381210, -0.778805911540985, -0.640700101852417, -1.000314831733704, 0.773782193660736
