-0.611696183681488, 0.254913300275803, 0.454734116792679, 0.465189278125763, 0.313547581434250, 0.179737240076065, 0.315841615200043, -0.380466431379318, -0.868680715560913, 0.623522639274597, -0.648016154766083, 0.061274457722902, -0.980730414390564, -0.688580572605133, -0.311354458332062, 0.439189255237579, 0.098946191370487, -0.206144675612450, 0.668873906135559, -0.587519705295563
1.519792437553406, -0.901856184005737, -0.707684993743896, -0.040919143706560, 0.011640691198409, -0.481900870800018, -0.708638429641724, -0.609260857105255, 0.256997197866440, 0.250783294439316, 0.567149043083191, -1.010663390159607, -0.133784055709839, -1.107959151268005, 1.043986082077026, -0.211938872933388, -1.095678925514221, 0.735331475734711, 0.574967265129089, -0.164336353540421
0.862249016761780, -0.216577664017677, 1.020532011985779, 0.187408149242401, -0.570218026638031, -0.156585127115250, 0.001904886681587, -0.059106301516294, -0.029475936666131, 0.579414904117584, 0.327971577644348, -0.466898620128632, -0.330201119184494, -0.747650861740112, -0.445764690637589, -0.028494212776423, 1.240017175674438, -0.360225737094879, -0.230095222592354, -0.760068595409393
1.011315584182739, -0.659315586090088, 1.372303485870361, -0.425802916288376, 0.211940765380859, 0.274602025747299, -0.915233671665192, 0.773597896099091, 0.283810645341873, 0.715558171272278, -0.397297680377960, -0.406133234500885, -0.337612777948380, -0.540767073631287, 0.665626764297485, -1.689212083816528, 0.538861215114594, -1.132704377174377, 0.373569756746292, 0.103513643145561
-0.030252519994974, 0.740819096565247, -0.319317907094955, -1.026517748832703, -0.860664606094360, 1.291889905929565, -0.260560274124146, -0.198801800608635, 0.395891875028610, 0.849473714828491, 0.269619911909103, -0.090847074985504, 0.158147379755974, 0.249810099601746, -0.706052362918854, 0.576484024524689, -0.379274904727936, -0.091498345136642, -0.353379845619202, -0.022698838263750
-0.440472394227982, -0.795335233211517, 0.089497126638889, 0.490378379821777, -1.461695551872253, 0.837186574935913, -0.334804326295853, 0.463955760002136, -0.077651962637901, 1.063764929771423, -0.490423828363419, -0.564464330673218, 1.624979376792908, 0.390623599290848, 0.794350028038025, 0.819040834903717, 0.987643420696259, -0.368650048971176, -0.756315529346466, 0.415265977382660
0.436122804880142, -0.969704568386078, -0.334864646196365, 0.024559771642089, -0.517914295196533, -0.748513102531433, 0.107333436608315, 1.199194550514221, -0.895203411579132, -1.036614894866943, -0.798458933830261, -0.491429895162582, 0.534974932670593, -0.388204842805862, -0.562613844871521, 0.240459978580475, 0.319843590259552, 0.360461950302124, 0.698609054088593, -0.443088322877884
-0.672504067420959, -0.742819428443909, 0.249187394976616, -0.688919067382812, 0.604775011539459, -0.713512361049652, -0.658595860004425, -0.187725529074669, -0.921902239322662, -0.701051771640778, 0.776592552661896, -0.052729509770870, 0.872978150844574, -0.485649257898331, 1.308673381805420, -0.378832131624222, -0.654441177845001, 0.284741580486298, -0.103097401559353, -0.358046740293503
0.945732116699219, -0.593811333179474, -0.371678501367569, -0.708167970180511, 0.945032894611359, -1.359658122062683, -0.263734221458435, -0.247574344277382, 0.550808966159821, -0.979329109191895, 0.270752310752869, 0.517184078693390, -1.269102215766907, 0.604207873344421, -0.623932003974915, 0.153148725628853, 0.846790850162506, 0.521262705326080, -1.581853032112122, -0.265530169010162
-1.359851360321045, 0.196963429450989, 0.833482742309570, 0.343358218669891, -0.157637074589729, 0.462645560503006, 0.597423553466797, -1.059012889862061, 0.161031305789948, 1.270130157470703, -0.256807237863541, -1.428543448448181, -0.529479324817657, 0.072256267070770, -0.570077419281006, 0.602489709854126, -0.128652900457382, 0.535642504692078, -0.144726499915123, 0.144598305225372
-0.597157716751099, 0.126104980707169, -0.907229304313660, 0.690366208553314, 0.444415539503098, -0.513558924198151, -0.463381648063660, 0.924187600612640, 0.586661577224731, -0.426126658916473, -0.610936224460602, -0.706649303436279, 0.215872660279274, 0.513089001178741, -0.040386416018009, -0.695047855377197, -0.104173079133034, -1.100255131721497, 0.570021033287048, 1.102952599525452
-0.412951052188873, 0.490757137537003, -0.745819270610809, 0.169781833887100, -1.393405914306641, 1.439090728759766, 0.774340271949768, 0.344644963741302, -0.286466181278229, -0.221975460648537, -0.403424799442291, -0.278438150882721, -0.505065083503723, -0.472417920827866, -0.606271445751190, -0.547621130943298, 0.179032370448112, 0.434731394052505, 0.530761361122131, 1.069574952125549
0.588317632675171, 1.802370548248291, 0.326085507869720, 1.076688647270203, -0.984948217868805, -0.019702570512891, -0.678226947784424, 0.980030238628387, 0.774538516998291, -0.045850954949856, 0.956545591354370, 0.355615854263306, 0.465402424335480, 0.693772614002228, 1.085572004318237, 0.070746593177319, 0.110421314835548, 0.195354670286179, -0.557108044624329, -0.102642200887203
-0.280491203069687, -0.056819822639227, 0.294700771570206, -0.521928250789642, 0.720134258270264, 0.314485996961594, -1.691025376319885, 0.369761228561401, 0.137660354375839, -0.219214364886284, -0.544542014598846, -0.272357761859894, -0.818642318248749, 1.183096528053284, 0.770152091979980, 0.846884965896606, 0.336146652698517, 1.199265599250793, 0.604689955711365, -0.806184291839600
-1.395777463912964, -0.211720183491707, -0.241540014743805, -0.207866162061691, 1.718733787536621, 0.386078029870987, -0.098185122013092, 0.209114670753479, 0.996425628662109, 0.123161949217319, 0.810258090496063, 1.298430085182190, 0.085505515336990, -0.076274327933788, 0.219367280602455, 0.200224295258522, 0.698297798633575, 0.257784932851791, -0.383494973182678, 0.311212986707687
0.750547707080841, -0.923805415630341, -1.650854706764221, 0.463456988334656, 0.471281945705414, -0.013039746321738, -0.143692076206207, 1.195975661277771, 0.528379619121552, -0.035440053790808, -0.344889819622040, 0.538648426532745, 0.761099815368652, 0.171772137284279, 0.034301675856113, 0.174947261810303, -0.740334808826447, 0.242991924285889, 0.190219387412071, 1.720720171928406
0.145399689674377, 0.115608885884285, 0.487955838441849, 0.068727619946003, 0.260956823825836, 0.433483183383942, 0.522505104541779, -0.243744894862175, 0.446170985698700, -0.181805506348610, -0.173908025026321, 0.921353101730347, -0.639060139656067, -0.174732714891434, -0.169600725173950, 0.021215932443738, 0.790320813655853, 0.619020044803619, -0.339339762926102, -0.605995237827301
0.044412121176720, 0.318028748035431, 1.056853175163269, -0.285079479217529, -0.127874895930290, -0.329751342535019, -0.146435052156448, -1.357919454574585, 0.117326520383358, -0.538901984691620, 0.050949167460203, -0.394785612821579, 0.068089418113232, -0.096271552145481, 0.974870622158051, -0.197533175349236, 1.025740385055542, -0.546542823314667, 0.529638886451721, 0.313205689191818
0.666703164577484, -0.052584458142519, -0.369070172309875, -0.063502393662930, -0.496419668197632, -0.325566738843918, -1.642246603965759, 1.234147548675537, -0.687301278114319, -1.602957487106323, 0.611287295818329, -0.175561070442200, 0.838293433189392, 0.897894859313965, 0.109053552150726, -0.364466130733490, 1.291312336921692, -0.594835817813873, -0.191113382577896, 0.001440714346245
0.019715866073966, 0.053518794476986, -0.153312608599663, -0.923061192035675, 0.295381933450699, -0.121034443378448, -0.258640438318253, -1.643779873847961, -1.287354111671448, 1.092713117599487, -0.284453898668289, -0.581477582454681, 0.166110679507256, -0.045449439436197, 0.178878337144852, 0.667175948619843, 1.251266479492188, -0.372319906949997, 0.028452204540372, 0.361538738012314
0.973758697509766, 0.473639518022537, 0.217479512095451, 1.273277640342712, 0.531555950641632, 0.613174319267273, -0.230397939682007, 0.488455265760422, 0.486490905284882, -0.128214120864868, -0.180408418178558, -0.006815036758780, -0.392548412084579, -1.717062115669250, -1.003848910331726, -0.878205776214600, -0.251501858234406, -0.300543218851089, 0.291824042797089, 0.373057216405869
0.894165754318237, 0.210938513278961, 0.672528028488159, -0.669375121593475, -0.353163629770279, -0.392828702926636, -0.836068332195282, -0.786189794540405, -0.872040033340454, -0.882373571395874, 0.233535706996918, 0.194450467824936, -0.389186769723892, 0.439773172140121, -1.042553067207336, 0.007481179200113, 0.296786069869995, 0.077354744076729, 0.391258090734482, 0.255139559507370
-0.055264480412006, 1.022373199462891, -0.333910912275314, 0.130241379141808, -0.885472476482391, -0.547981679439545, 0.248668208718300, 0.486591905355453, -0.992859065532684, -0.277685582637787, 1.496622085571289, -0.509003341197968, -0.335086494684219, 0.504624605178833, -0.654328823089600, 0.293217957019806, -0.375524848699570, 0.441858977079391, -0.431703418493271, 0.386355251073837
-0.551401734352112, 1.055667757987976, 1.028317451477051, 0.521088600158691, 0.005354453343898, -0.855730593204498, 0.405921846628189, -0.023240232840180, 1.294247508049011, -0.019648790359497, 0.198176369071007, -0.174905687570572, 0.773555040359497, -1.536872744560242, -1.341576933860779, -0.302937835454941, 0.605895638465881, 0.464281290769577, 0.465416699647903, 0.464049488306046
-0.883758127689362, -1.179412484169006, -0.900506258010864, 1.346318602561951, -1.294418931007385, 0.462095201015472, -1.006922125816345, -0.428950339555740, 0.964280605316162, -1.007740736007690, -0.355959445238113, -0.010418846271932, -0.099914371967316, -0.536835908889771, 0.444075107574463, -0.504005134105682, -1.212301373481750, 0.480974167585373, 0.324635237455368, -0.632151484489441
-1.350045800209045, -0.582508981227875, -1.420017361640930, 1.071420788764954, -0.777324616909027, 0.285252362489700, -0.885256290435791, -1.430923223495483, -0.741327643394470, -0.244797125458717, 0.415067970752716, 0.000707917031832, -0.551710665225983, -0.375003010034561, -0.907272040843964, 0.373767495155334, 0.134467855095863, -0.753629446029663, 0.087791338562965, 0.088522136211395
0.078926160931587, 0.837184131145477, -0.066894188523293, -0.666425347328186, 1.887161731719971, 0.000572805409320, -0.926797330379486, -0.362449914216995, 0.638601124286652, 0.361492693424225, 0.108753472566605, 0.283120959997177, -0.633262753486633, -0.798232674598694, -0.411202132701874, -0.151283264160156, -0.375151216983795, -0.498695552349091, 0.303934872150421, 0.375070214271545
-0.405825704336166, -0.245723351836205, -0.113352462649345, 0.077400848269463, -0.149981483817101, 1.179318189620972, -0.187765762209892, -0.337246179580688, -0.280794799327850, -0.142291560769081, -0.603349089622498, 0.311307758092880, -0.417603462934494, 1.058893918991089, 0.247475862503052, -0.873436391353607, -0.788538277149200, 0.809957981109619, 0.016709586605430, -0.930294811725616
0.368146866559982, 0.341840267181396, 0.238558977842331, -0.106104284524918, 1.191224098205566, -0.213227733969688, -0.353977829217911, 0.269116699695587, -1.482081174850464, -0.981372892856598, -1.349363684654236, 1.124654293060303, -0.292283684015274, -0.991256892681122, 0.560989320278168, -0.529795944690704, -0.772793710231781, 0.073228895664215, 0.036462970077991, 1.323463320732117
0.871727287769318, 0.098829485476017, 0.872890055179596, -0.099456451833248, -0.835824489593506, 0.709610700607300, 0.377447366714478, -0.025915795937181, 0.581925094127655, 0.314787924289703, 0.238466694951057, -0.553149282932281, -0.855961561203003, -0.740446448326111, -1.001781582832336, 0.600564599037170, -0.678610682487488, -0.789053440093994, 0.323718011379242, -1.353585958480835
0.138458386063576, -0.590488135814667, 0.967097699642181, 0.052529692649841, -0.275558739900589, 0.143847897648811, 0.084141097962856, -0.099142491817474, 0.058508679270744, -1.144858002662659, -0.466199100017548, -0.701995432376862, 0.167399153113365, 0.054681744426489, -0.757138252258301, -1.004607796669006, -0.423118799924850, 0.060456935316324, -1.124948978424072, -0.397680103778839
-0.980756938457489, 0.367798388004303, -0.227535337209702, -0.470189541578293, -0.745586693286896, 0.538627564907074, 1.417951822280884, 0.649583220481873, 0.661716818809509, -0.236436828970909, -0.407817214727402, 1.134454727172852, -0.940925240516663, -0.014724964275956, 0.624413013458252, -1.258405923843384, -0.955026805400848, -1.095744967460632, -0.612958371639252, -0.073281198740005
-0.136152535676956, -0.143851846456528, 1.160317540168762, 0.063462369143963, 0.654855072498322, -0.030634291470051, -0.611453473567963, -0.617117047309875, -0.852556645870209, 0.749618351459503, -0.502477228641510, 0.139971032738686, -0.063001781702042, 1.124994397163391, -0.080642066895962, -0.006176374386996, -1.626319766044617, -0.073556609451771, 0.852768898010254, -0.609436690807343
-0.489404588937759, -0.412578344345093, 0.990653395652771, -0.598826050758362, 0.106845892965794, -0.023089336231351, -0.590049922466278, -0.215725675225258, 1.043929338455200, -0.717882394790649, 0.278909593820572, -0.054982345551252, 0.515868902206421, 0.328263133764267, 0.468655645847321, 0.107961952686310, 0.290021270513535, 0.492725670337677, -0.568387687206268, -0.790293097496033
-1.223439455032349, -0.428216308355331, 0.073051325976849, 0.077685676515102, 0.947642922401428, -1.596352815628052, -0.548122406005859, -0.728194713592529, -1.169375181198120, 0.126818150281906, 0.534369766712189, 0.381079018115997, 1.519049048423767, -1.240273475646973, 0.677290141582489, -1.191522240638733, -0.744937956333160, -0.360321849584579, 0.570660948753357, -0.153351709246635
-0.693712651729584, 0.626640439033508, -0.851614475250244, -0.555753469467163, -0.191569387912750, -0.266854435205460, -0.834043025970459, 0.585784792900085, 0.841023743152618, -0.138087093830109, -0.429358869791031, 0.532965958118439, 0.543324410915375, -0.173468098044395, 0.784258842468262, 0.160687953233719, 0.054456155747175, 1.038158655166626, 0.076349832117558, 0.424462705850601
-0.034183412790298, 0.189196601510048, -0.503270745277405, -0.239259362220764, -0.824224233627319, -0.534868776798248, 0.465424865484238, -1.121188044548035, -0.913796067237854, -0.228752940893173, -0.151222512125969, 1.014264225959778, 0.762351751327515, -0.370564728975296, -1.162374615669250, -1.356654524803162, -0.201956510543823, 0.724691748619080, 1.438346385955811, -1.764673829078674
-0.677718043327332, -0.720967173576355, -0.679310441017151, 0.253204733133316, -0.092568896710873, 0.523008823394775, -0.906258642673492, 0.334049820899963, -0.716664552688599, -0.324902474880219, -0.152395308017731, 0.169550672173500, 0.003997363615781, 0.639051139354706, -0.195935919880867, 0.571590006351471, -0.480895608663559, -1.306215405464172, 0.032406531274319, 0.842301189899445
1.657420277595520, 0.943240523338318, -0.720115959644318, 0.772165119647980, 0.102070659399033, 1.445806145668030, -0.563772618770599, 1.279549360275269, -0.017615199089050, 0.160154864192009, 0.029248595237732, -0.206094250082970, 0.048262894153595, 0.707207858562469, -0.552646100521088, 0.365264058113098, -0.814327836036682, -0.603238284587860, -0.958078444004059, 0.418636083602905
0.619796276092529, -0.769017875194550, -0.480312675237656, 1.369763255119324, -0.052009835839272, -1.093399286270142, -0.374525517225266, 1.441111445426941, -1.382987499237061, -0.091507993638515, -0.032860305160284, -0.123089268803596, 0.664486408233643, 0.600791037082672, -0.847372472286224, -1.346162676811218, 1.160741686820984, -0.862902939319611, -1.077339529991150, 0.118442170321941
0.402099788188934, -0.434097081422806, -0.095151990652084, 0.432555705308914, 0.536860883235931, -0.202621787786484, -0.168956577777863, -0.057016417384148, 1.299687266349792, -0.739021360874176, 0.789472937583923, 0.751298785209656, 0.321628123521805, 0.195891708135605, 0.689987182617188, -0.374290674924850, -0.313621699810028, -0.218153864145279, 0.409267723560333, 0.390332341194153
-1.016775488853455, 0.539726197719574, -0.218876078724861, 0.343734204769135, -0.582029938697815, -0.715035259723663, 0.241640806198120, 0.394646972417831, -0.284983783960342, -1.656733036041260, 0.583544969558716, -0.544304192066193, 0.620960652828217, -0.613741219043732, -0.211415499448776, 0.769403696060181, 1.200312137603760, -1.460702419281006, 0.393363863229752, -0.178815662860870
-0.039196137338877, -1.185982465744019, -0.077923119068146, -0.385675847530365, 0.563938140869141, -0.488214880228043, -0.129208698868752, -0.364653319120407, -0.920003890991211, 0.557348370552063, -1.284082531929016, -0.217475980520248, -0.468530982732773, -0.169695913791656, -0.122760199010372, -0.292608469724655, 0.502780497074127, -0.617541551589966, -0.002145080361515, -0.419979959726334
0.299443274736404, -1.358526110649109, -0.832216322422028, 0.870393335819244, -0.707959175109863, -0.106753781437874, -0.653192043304443, -1.127895236015320, 0.656354129314423, -0.948028862476349, -1.334535956382751, 0.841249644756317, 0.964310467243195, 0.094747699797153, -0.846743226051331, 0.605877280235291, -1.290656208992004, -0.409253895282745, 0.730410397052765, 0.083832681179047
0.175896942615509, 1.326146364212036, 0.229146495461464, 0.418668270111084, -0.651472449302673, -0.394454002380371, 0.017844310030341, 0.742868900299072, 0.487794727087021, -0.725355684757233, -0.598668813705444, 0.513369381427765, 1.017519950866699, 0.283702373504639, -0.529178917407990, -0.032344404608011, -0.554501831531525, -0.648941099643707, -0.123224347829819, -0.512460887432098
0.496624827384949, 0.145097151398659, 0.516258120536804, -1.232311606407166, 0.357814818620682, 0.850792407989502, 1.313478708267212, -0.374072015285492, -1.148637413978577, 0.311545670032501, 0.974608421325684, -0.892310798168182, 1.127847075462341, 0.600417494773865, -1.425486087799072, 1.386958599090576, -0.664618611335754, 0.069390021264553, 0.006849971134216, -0.918111622333527
-0.927284955978394, -0.197512954473495, 1.400716900825500, 0.103076465427876, 0.288070023059845, -1.144683361053467, 0.436590731143951, 0.046042572706938, 0.721033215522766, -0.496997743844986, -0.672049045562744, -0.598358273506165, 1.074486494064331, -0.993000328540802, -0.578709423542023, 1.281984210014343, -0.844217181205750, 1.080563068389893, 0.543772757053375, 1.034689068794250
-0.125726446509361, -0.975998878479004, 0.911508083343506, -0.555428504943848, -0.673734426498413, -0.146181628108025, 0.146169304847717, 1.184196829795837, 0.141183674335480, -0.565433621406555, -0.653026640415192, -1.226772189140320, -1.195293307304382, -0.015244420617819, 0.579762816429138, -1.062900900840759, -0.207611024379730, -0.351391822099686, 0.677101135253906, -0.351111501455307
0.611107945442200, -1.351160764694214, -0.528835713863373, -1.358710289001465, -0.100360110402107, 0.551886975765228, -0.343777596950531, 0.272970080375671, 1.080928325653076, 0.215537577867508, -1.794490218162537, 0.059888634830713, 0.596226036548615, -0.364191234111786, 0.059300500899553, 0.036612011492252, 0.037860669195652, -0.620925962924957, 0.355329275131226, -0.277470916509628
0.356994271278381, 0.152478739619255, 1.264763116836548, -0.817984521389008, 1.035375952720642, 0.246753111481667, -0.229266256093979, 1.136692523956299, -0.645657002925873, -0.308284938335419, -0.862980484962463, 0.144833043217659, 0.305490434169769, 0.382734209299088, -0.172513052821159, -0.045637477189302, -0.153833255171776, 0.847347378730774, 0.308121085166931, -0.097463987767696
0.435755312442780, 0.424124985933304, 1.290892124176025, -0.539694786071777, 0.005226597189903, -0.452592849731445, -0.161354079842567, 0.195935502648354, 0.565433919429779, 1.594867110252380, -1.512050151824951, -0.331916749477386, 0.225459411740303, 0.710115671157837, -0.854606807231903, 1.125821352005005, -0.609004080295563, -0.250670313835144, 0.611863315105438, 0.766430974006653
1.353166460990906, 1.313427805900574, 0.289016425609589, 0.058075759559870, 0.819213032722473, 0.680625975131989, 0.041483491659164, -0.975046515464783, 0.753375828266144, -0.161323189735413, 0.026151118800044, -0.400791436433792, 0.207894891500473, -0.322318702936172, -0.141413509845734, -1.113616466522217, 0.048644330352545, -0.492810964584351, -0.118505053222179, 0.121140100061893
-0.099190399050713, -0.567820668220520, -0.063767701387405, 0.228266596794128, -0.837733507156372, -0.340498566627502, 0.267205864191055, -0.740638613700867, -0.469140291213989, -0.087079517543316, -0.289164066314697, -0.267539799213409, 0.143257305026054, -1.021834731101990, -0.130054667592049, 1.783734560012817, 1.753881931304932, -0.011865664273500, 1.011839628219604, 0.165849864482880
1.108795762062073, -0.041584838181734, -0.160771250724792, -0.862928986549377, 0.023121569305658, -0.712020754814148, 0.320730894804001, -0.561491787433624, -0.809571444988251, -1.241891026496887, -0.075511187314987, 1.409591436386108, 1.041258454322815, 0.399493634700775, -0.424151897430420, 0.629201054573059, 0.207808613777161, 0.179148659110069, 0.618690073490143, 0.233600631356239
0.030146332457662, 0.739203453063965, -0.064648762345314, -0.005252068396658, -0.030146466568112, 0.579861819744110, 0.533347427845001, -0.845206141471863, 0.541368305683136, -0.792207360267639, 0.583316683769226, 0.161801531910896, 0.069280222058296, 0.410708367824554, 0.028991308063269, 0.185735911130905, 1.267279863357544, 0.897740960121155, 0.081052049994469, -0.131355419754982
-0.534293472766876, 0.272167086601257, 0.107018470764160, -0.632430315017700, -0.504470825195312, -0.486247509717941, -0.295141607522964, 0.650094091892242, -0.905601859092712, 0.248282179236412, 1.053434252738953, 0.143478602170944, -0.103874042630196, -1.005750417709351, -0.565650641918182, -0.715538322925568, 0.156931325793266, 0.659733355045319, 0.810222387313843, -0.490226596593857
0.040887434035540, -0.966332554817200, -0.452970772981644, 0.378962904214859, -0.556914746761322, 1.074857115745544, -0.274512171745300, -0.310989826917648, 0.742727577686310, 0.624630451202393, 0.726850211620331, 0.278141975402832, 0.206402882933617, 0.925474166870117, -0.994829356670380, -1.311672210693359, -0.314900547266006, 0.265573322772980, 0.291996836662292, 0.815527498722076
-0.912868559360504, 1.129759788513184, -0.592555642127991, -0.813670754432678, 0.395829886198044, -0.087099418044090, 0.981997609138489, -0.770574808120728, -0.574816524982452, -0.397738784551620, -0.182220846414566, -1.160045027732849, 0.493758380413055, 0.517658948898315, 0.724142432212830, -0.590531766414642, -0.360906302928925, -0.357903569936752, -0.810825049877167, -0.732549846172333
0.371329456567764, -1.073137402534485, 0.725447118282318, -0.197601243853569, 0.905699729919434, 0.530259370803833, -1.219040393829346, 0.157097831368446, -0.383624643087387, -0.143404200673103, 0.223744541406631, 0.498641043901443, 1.007389664649963, 0.361246436834335, 0.504307627677917, -0.218590766191483, -0.056595027446747, 0.160242110490799, 1.052745342254639, 1.769301295280457
-0.974863350391388, 0.094326213002205, 0.672679305076599, 0.113741338253021, 0.231401905417442, 0.165017008781433, -0.790187478065491, 0.673162579536438, -0.109442956745625, 0.651126563549042, 0.436515271663666, 0.427167862653732, 0.553743660449982, -0.176518201828003, -0.131188020110130, -0.629331529140472, 0.049305919557810, 0.323966890573502, 0.398254573345184, -0.630222320556641
0.009406935423613, -0.021381063386798, 0.056100353598595, -0.635590016841888, -0.517559468746185, -0.013125667348504, 0.710131704807281, 0.245462507009506, 0.858873128890991, 0.381012886762619, -0.870852589607239, -0.806348800659180, -0.425719618797302, -1.684018492698669, -0.742903828620911, 0.268236339092255, -0.895097613334656, 0.931696891784668, 0.047698758542538, 0.445517450571060
0.339290648698807, 1.204789519309998, -0.048063803464174, 1.445279717445374, -0.335211873054504, 0.001921192626469, -1.695430994033813, -0.723070681095123, -0.119741626083851, 0.640823841094971, -0.628507614135742, 0.927055418491364, -0.286331117153168, -0.322358936071396, 0.651239573955536, 0.767415881156921, 0.120965756475925, 0.915976464748383, 1.360646486282349, -0.760273754596710
-1.647815227508545, -1.018255591392517, -0.387672483921051, 0.086755089461803, 0.050140563398600, -0.618738830089569, -0.925087451934814, 0.222746625542641, 0.028389582410455, -0.120448470115662, 0.338210046291351, -1.078076124191284, 0.720524966716766, 0.631597280502319, -1.387123823165894, -0.343954890966415, -0.630663335323334, -1.130638241767883, 0.527209579944611, -0.726694047451019
-0.629092693328857, 0.557007014751434, -0.356557518243790, -0.621605694293976, -0.516040325164795, -0.751071691513062, -0.768512606620789, 1.370851516723633, 1.476077556610107, -0.367965579032898, 0.840542137622833, 0.193157732486725, 0.013652047142386, -0.224324211478233, -0.621260821819305, 0.311339378356934, -0.495113879442215, -0.743565797805786, -0.292841911315918, 0.664218842983246
0.039273157715797, -0.232220038771629, -0.377713471651077, 0.929396629333496, 0.709395349025726, 0.239720091223717, 0.014887930825353, 0.807789385318756, 0.362299650907516, -0.078701332211494, -1.171580910682678, 0.182741805911064, -0.778014063835144, -1.321733474731445, 0.162475079298019, 0.022286657243967, -0.056598223745823, 0.866283178329468, -0.693533182144165, -0.497417211532593
-0.340662539005280, 0.189037054777145, -1.172381043434143, -0.419925093650818, 0.674626648426056, -0.235618799924850, 0.969676494598389, -0.231910437345505, 1.656828999519348, -0.872361302375793, 0.060254983603954, -0.102250732481480, -1.094536900520325, 0.329649001359940, 0.794288635253906, 0.113042533397675, -0.294180154800415, -1.504537940025330, 1.248986363410950, 0.746027469635010
0.185234487056732, -0.510696589946747, -1.596338272094727, 0.526732325553894, -0.106158956885338, 0.423412561416626, 0.947523951530457, -1.561196804046631, 1.173808217048645, -0.349441915750504, -1.266965985298157, -0.154436528682709, -0.125422015786171, 0.134727686643600, -0.076283045113087, -0.191560462117195, 0.019174031913280, -0.793135881423950, -0.007409213110805, -0.108143545687199
-0.372963190078735, -0.146424561738968, -1.107938051223755, -0.437149822711945, 0.050396107137203, -0.370065659284592, -1.033874154090881, -0.300013571977615, 0.992739975452423, 0.225952878594398, 0.510252773761749, -0.406651347875595, -0.619795799255371, 1.301137089729309, 0.449714660644531, 0.003369353944436, -0.107113823294640, 0.511037230491638, -1.349907279014587, 0.669348001480103
-0.315588772296906, -0.931959927082062, -0.278543382883072, -1.086883425712585, 0.507018268108368, -0.268389165401459, -0.279517799615860, 1.182958245277405, -1.093658089637756, 0.892812371253967, 0.523287415504456, 0.521200776100159, -0.136292204260826, 0.856464385986328, -0.895874857902527, 0.070617265999317, -1.324029684066772, 0.016132539138198, -0.328153938055038, 0.609847784042358
-1.090087294578552, -0.573484718799591, 0.577424228191376, -0.771904647350311, 0.389388620853424, 0.707804858684540, -0.239750638604164, -0.623290956020355, 0.026221040636301, -0.399612545967102, -0.776763260364532, 0.354066103696823, 0.343481093645096, -0.581084728240967, -0.239690467715263, -0.145959034562111, 0.032255947589874, 0.243615895509720, 0.276062428951263, 0.012535313144326
0.723541796207428, 0.263015866279602, -2.659893751144409, 0.160280406475067, -0.926306486129761, -1.105411648750305, -0.692696571350098, -0.152066797018051, 0.216762125492096, -0.101034998893738, 0.778116941452026, -1.432706594467163, 0.900517642498016, 1.125642776489258, -0.831609487533569, 0.139026641845703, -1.456374406814575, 0.355058193206787, 0.487504273653030, -0.143608257174492
0.179776445031166, 0.521773934364319, -1.394823551177979, 0.163306415081024, -0.017590949311852, -1.295694351196289, 0.039565604180098, 0.166359737515450, 0.410101741552353, 1.110968947410583, 0.026448892429471, -0.547968149185181, 0.394928812980652, -1.713028788566589, -0.692670881748199, -0.726023197174072, 0.514067232608795, 0.430915445089340, 0.290007770061493, -0.151980593800545
-0.591796875000000, -0.792048037052155, -0.642396211624146, -0.361366063356400, -1.359337210655212, -1.132860660552979, 0.257154792547226, -0.320735871791840, -0.351217716932297, 0.331103771924973, -0.268691688776016, 0.439956247806549, -0.399412035942078, -0.562761604785919, -0.318702697753906, 0.954815864562988, -0.415395259857178, 1.002569675445557, -1.320641994476318, 0.435805201530457
0.186352178454399, 0.377526342868805, 0.962940633296967, 0.309284090995789, -0.285738497972488, 0.193963423371315, 1.443468928337097, 0.446860134601593, 0.028105182573199, -1.183117508888245, -0.554969668388367, 0.460451960563660, 1.112030506134033, 0.037115339189768, 0.641287744045258, 0.485646426677704, -0.147318989038467, -1.396109580993652, -0.908617496490479, -0.733876109123230
0.963933765888214, -0.196717768907547, -0.311955779790878, -0.248131886124611, 0.104457728564739, -0.235311195254326, 1.135981202125549, 0.055810842663050, -0.289818733930588, 0.932713389396667, 0.263169020414352, 0.832712411880493, -0.488813459873199, -0.466461420059204, 1.514653325080872, -0.843047499656677, -0.228979870676994, -0.934037446975708, 0.387772500514984, 0.683264076709747
0.960257768630981, -0.188904494047165, -0.386816382408142, -0.666821062564850, 1.215489268302917, 0.249513417482376, 0.262860924005508, 0.483908116817474, 0.405245333909988, -0.589211583137512, -0.444601178169250, -1.353513121604919, 1.051512241363525, 0.105381928384304, 0.138829216361046, -0.538028299808502, -0.231280416250229, -1.180193662643433, -0.883989989757538, -1.236325383186340
-0.542753398418427, 0.312384635210037, -0.282860785722733, -0.481262445449829, 0.421243578195572, 0.035853166133165, 0.010835770517588, 0.851837337017059, 1.007698774337769, 0.176578074693680, -0.560871005058289, 0.687332868576050, -0.314133465290070, 0.140558585524559, -0.998558759689331, -1.660620808601379, 0.424191027879715, -0.089036963880062, -1.540518879890442, -0.642876386642456
-1.130208849906921, -0.003619090653956, 0.064078696072102, -1.597172498703003, 0.104063004255295, -0.685169339179993, 1.029693365097046, -0.294788628816605, -1.338636279106140, 0.456142961978912, -0.349365621805191, 0.941029429435730, 1.593765616416931, 0.874634563922882, 1.386509656906128, -1.358614325523376, 0.093183740973473, -0.597041130065918, 0.075412966310978, -0.131585970520973
0.385569870471954, 0.311067014932632, -0.861615598201752, -0.956416487693787, -0.599495053291321, 0.504468441009521, 0.087997175753117, 0.049694679677486, 0.930442035198212, 0.363104164600372, 0.652549386024475, 0.548187017440796, 0.470952391624451, 0.473029136657715, 1.484624505043030, -0.312388628721237, 0.528713881969452, 0.310365766286850, -0.479679286479950, -0.686632037162781
-0.245948046445847, -1.116216778755188, 0.895909190177917, 0.581832885742188, -0.893328130245209, 0.152532085776329, 0.429259330034256, -0.625835895538330, 0.736812353134155, -1.330307126045227, 1.279981732368469, 0.467213690280914, -1.245826601982117, 0.382252097129822, -0.191310793161392, -0.594510614871979, -0.962228655815125, -0.196762129664421, -1.063070058822632, -0.221408829092979
-0.332876145839691, -1.466503620147705, 0.856782495975494, 1.453151822090149, 1.321532964706421, -0.045226596295834, 0.495920568704605, -0.900072515010834, 0.345854520797729, -0.527466595172882, -1.038481593132019, -0.518933415412903, -0.174061730504036, 0.708828508853912, 1.251243472099304, 0.982343673706055, -0.979824960231781, -0.100095778703690, 0.427609384059906, 0.468640536069870
0.155731409788132, -0.559324383735657, -0.101026266813278, 0.406950116157532, -0.189323276281357, -0.183971330523491, 0.778672575950623, -0.156457453966141, -0.649999797344208, -0.532073140144348, 0.481237143278122, 0.147265598177910, 0.066158920526505, 0.274352371692657, 0.391774684190750, 0.562379181385040, 0.904632866382599, 0.762545228004456, -0.305611580610275, -0.005286655388772
-0.175733551383018, 1.116241335868835, 0.255206376314163, -0.016090165823698, -0.590180456638336, -1.594623446464539, -0.315959900617599, -0.011532434262335, -0.517824053764343, -0.439312279224396, 0.498545885086060, 0.468202739953995, 0.004020904190838, 0.356184095144272, -0.119487091898918, -0.834973752498627, -0.751330852508545, -0.413178443908691, 1.244766592979431, -1.060886859893799
-0.070163212716579, 0.237293750047684, -0.170464947819710, 1.260214686393738, -0.400740623474121, 0.408278942108154, -0.899074137210846, -1.337990880012512, 0.786125004291534, 1.085666418075562, 1.317658185958862, 0.876133084297180, -0.573493778705597, 0.360918372869492, -0.518403947353363, 0.365678876638412, 0.660179018974304, -0.619006156921387, 0.913411200046539, -0.453930735588074
-0.404691517353058, 0.460373878479004, -0.558520674705505, 0.894273161888123, 1.246354222297668, -0.828191936016083, 0.533560872077942, -0.600782930850983, 0.640525579452515, 1.239869117736816, 0.038971465080976, 0.638326346874237, 0.316837161779404, 0.693517625331879, -0.449133753776550, 0.153036519885063, -0.330726057291031, -0.624980747699738, 1.231670141220093, -0.238740071654320
-0.187181755900383, -1.149487495422363, -0.632607877254486, 0.619644701480865, -0.369940727949142, 0.810765981674194, 0.787391066551208, 1.006420731544495, -1.179152727127075, -0.239686980843544, -0.731711685657501, 0.133667767047882, -0.361673444509506, -0.306712925434113, -0.593102693557739, -0.189940050244331, -0.420022904872894, 0.043869737535715, -0.403660267591476, 1.239194154739380
0.644713878631592, -1.502884745597839, -0.054899517446756, 1.499170660972595, 1.057380318641663, -0.064442813396454, -0.661832153797150, 0.280421257019043, 0.356104820966721, -0.041262634098530, -0.858295917510986, 0.881907701492310, 0.383117288351059, -0.183852076530457, -0.012549368664622, 0.476028829813004, 0.288937956094742, 0.058980740606785, 0.023204345256090, -0.106312923133373
-1.101402282714844, 0.402449786663055, -0.695540010929108, -0.704805850982666, 0.220832288265228, -0.839866518974304, -1.059971094131470, -1.816447734832764, -0.101474024355412, -0.033444143831730, -1.180353641510010, -0.379356741905212, 0.347189843654633, 0.365346610546112, 0.874655723571777, -0.519558668136597, 0.269874095916748, 0.151576250791550, -0.620235919952393, -0.819263756275177
-0.272516340017319, -0.885546565055847, -0.048512257635593, -0.111239857971668, 1.033975958824158, 1.132325768470764, 1.927285432815552, -0.559064626693726, 1.276220321655273, 0.331767618656158, 0.370100915431976, -0.393526554107666, -0.289879262447357, 0.694770038127899, 0.239550754427910, 0.355895817279816, 0.631647527217865, 0.246014729142189, 0.481423556804657, -0.315826267004013
0.455166667699814, -0.594334125518799, -0.455283880233765, 0.099937610328197, -0.169054210186005, -0.688170611858368, 0.191702395677567, -0.018268879503012, 1.208245754241943, 0.909534096717834, -0.893620133399963, 1.038706898689270, 0.984935522079468, -0.368190169334412, 0.389284193515778, -0.206079423427582, -0.143120989203453, -0.402055978775024, 0.050336763262749, 0.061575125902891
-0.540518462657928, -0.803362548351288, 0.602506041526794, 1.416563510894775, 0.386026948690414, -0.055404186248779, 1.635953187942505, 0.370695322751999, -0.072082906961441, 1.394044876098633, 0.555903255939484, -0.708243668079376, -0.144393697381020, 0.496687054634094, 1.187632203102112, -0.233829513192177, 0.493161231279373, 0.407394737005234, 1.406909823417664, 1.375115036964417
-0.551450669765472, -1.268188238143921, 0.584412693977356, 0.585107862949371, 0.694882869720459, 0.428038418292999, 0.062050029635429, -0.272907048463821, 0.000512202386744, -0.939043641090393, 0.974834561347961, -0.132481575012207, 0.036205064505339, -0.006523690186441, 1.312447786331177, -1.719576597213745, -1.232716917991638, 0.122171290218830, 0.429650634527206, -0.978821933269501
-0.788162767887115, -0.663124203681946, 0.514581918716431, -0.485057413578033, -0.862901866436005, -0.504644572734833, -0.143798217177391, 0.572735965251923, -1.116047382354736, 0.936523020267487, -1.002112269401550, 0.619802653789520, -0.297365993261337, -0.416345685720444, -0.360962569713593, 1.622994899749756, 0.370520234107971, -0.528117477893829, -1.114813566207886, -0.417547792196274
0.884877324104309, -0.249655976891518, -1.237616777420044, 0.222015395760536, 1.091380596160889, 0.365809053182602, 0.552087545394897, -0.491058230400085, 0.023243173956871, -1.411221742630005, 0.177977487444878, 0.311311811208725, 0.243201836943626, -1.378626823425293, -1.023863911628723, -0.886101245880127, -0.239761084318161, 0.263529419898987, 0.297702640295029, 0.091444514691830
0.647981762886047, 0.149581179022789, -0.799715280532837, -0.015442145057023, -0.888525545597076, 0.981507778167725, 0.601926803588867, -1.068233847618103, 0.493412494659424, -0.512331604957581, -0.516174376010895, 1.301770210266113, 0.163676276803017, 0.183800444006920, -0.980947136878967, -0.421368867158890, -0.890763759613037, -1.401795148849487, -0.485154181718826, 0.667609751224518
0.288957327604294, -1.115157127380371, 0.195735126733780, 0.159640327095985, -0.620242834091187, 0.249220371246338, -0.368211925029755, 0.900177776813507, 0.470279335975647, 0.134932115674019, 0.921731233596802, -1.196725964546204, 0.157861411571503, -0.526574373245239, -1.035404205322266, -0.635289609432220, -1.121439218521118, -0.198763355612755, -0.905261039733887, -0.992700576782227
-0.494162648916245, 0.318419933319092, -0.642878651618958, -0.715604543685913, -0.038410421460867, -0.182302907109261, -0.557664990425110, -0.710690200328827, 0.502652406692505, 0.217438951134682, 0.017203966155648, -0.468711853027344, -0.130049124360085, -1.417041420936584, 0.401073098182678, 1.370031595230103, -0.418629229068756, -0.024066926911473, -0.411285758018494, -1.023562550544739
-1.111822605133057, 0.580585956573486, 0.570778012275696, -0.349768966436386, -0.710955858230591, 1.312274336814880, 1.200880050659180, -0.179136291146278, -0.093651987612247, 0.193315759301186, -0.755385816097260, 0.604343056678772, 0.959981858730316, -0.103817045688629, -1.197376251220703, -0.592406928539276, -0.307482302188873, 0.203294605016708, 0.979917824268341, 0.119936943054199
-0.142114102840424, -0.226121574640274, -0.533876419067383, 0.385672897100449, 0.712920606136322, -1.129973888397217, 0.488393366336823, -1.259702563285828, -1.069164514541626, -0.652915418148041, 1.273251533508301, 0.646991670131683, 0.271777659654617, 0.229095220565796, -0.617933273315430, 0.960462272167206, -0.587697446346283, -0.174819946289062, -0.699930012226105, 0.039106365293264
-0.040554258972406, 0.438360065221786, 0.954973578453064, -0.277486920356750, 0.702888607978821, 0.652530193328857, -0.620418846607208, 0.410906702280045, -0.345046252012253, -0.664459645748138, -0.010307076387107, -0.392146766185760, 0.323563337326050, 0.656251907348633, 1.734963059425354, 0.891443729400635, -0.965489745140076, -0.366644591093063, 0.410870194435120, -0.465706616640091
-0.569737732410431, -1.575747370719910, 0.183985784649849, 1.153073191642761, 0.580111503601074, 1.005904793739319, -1.577337026596069, 0.482417553663254, 0.106892786920071, -0.721833288669586, 1.400058269500732, 0.611648797988892, 1.005185961723328, -0.588752388954163, 0.158259198069572, 0.610170006752014, 0.826233208179474, -0.936898112297058, -0.791428208351135, -0.873314619064331
-0.441557645797729, 0.106247790157795, -0.787845253944397, -0.172212794423103, -0.341278582811356, 0.826916694641113, -1.124146223068237, 0.134035453200340, -0.152436554431915, -0.782587230205536, 1.116396903991699, 0.076313748955727, -0.491076052188873, 0.098022751510143, 0.451146811246872, -1.379226922988892, 0.798302829265594, 0.244731083512306, 0.447629183530807, -1.071886777877808
0.315882533788681, 0.449922710657120, 0.221444398164749, 0.789599776268005, -0.366030544042587, 0.215675398707390, -1.330050706863403, -0.345030188560486, -0.611248254776001, 0.486853927373886, -0.505312621593475, -0.455247014760971, -2.016665935516357, 0.288757145404816, -0.737914979457855, 0.668874919414520, 0.805763602256775, -0.805449485778809, -0.830925643444061, 1.214008331298828
-1.500486254692078, -0.095635198056698, -0.556853294372559, 0.452375441789627, 0.072426937520504, 0.925189137458801, -0.103983834385872, -0.181716799736023, 0.272208154201508, 0.197025492787361, 0.515521109104156, 0.008887827396393, 1.039132475852966, -0.766569852828979, 0.024903837591410, -0.466218858957291, 0.862880825996399, 1.153232216835022, 1.523459076881409, -0.240712374448776
-0.467852741479874, -0.090650774538517, 0.138329729437828, -0.750061154365540, 0.819499194622040, 0.683377683162689, -0.373431712388992, -1.388527631759644, -0.713608980178833, 0.000136701070005, 1.123390078544617, -1.129318952560425, -1.045762181282043, -0.777639627456665, 0.480691879987717, -0.817193567752838, -0.319410175085068, -1.883654713630676, 0.895123660564423, -0.054755669087172
-1.219577312469482, 0.204839229583740, 0.266944974660873, 0.348805904388428, -0.733642041683197, -0.784087598323822, 0.285508155822754, -0.172726467251778, 0.683827579021454, -0.328990638256073, -0.190272703766823, -0.674322664737701, -1.316864728927612, 1.202308416366577, -0.038410786539316, 0.026119196787477, 0.825822114944458, 0.831273794174194, 0.535250723361969, 0.334560275077820
-1.448570013046265, 0.561076939105988, 0.482904374599457, 1.005179882049561, 1.611919522285461, -0.187906682491302, -0.354804784059525, 1.080047965049744, 0.630506575107574, -0.266652941703796, 0.722353160381317, -0.241931274533272, 0.069401070475578, -0.430350661277771, -0.337169229984283, -0.759101510047913, -0.152679830789566, 0.652765274047852, 0.600600779056549, 1.654416799545288
-0.436773717403412, -0.700525581836700, -0.622150421142578, 0.477879852056503, 0.983426690101624, -0.359047353267670, 0.800390481948853, -0.490067452192307, 0.336223691701889, 1.008533716201782, 0.714748561382294, 0.134057357907295, 0.139672860503197, 0.416435807943344, -0.552415788173676, 0.833711147308350, 0.352677822113037, -1.048749446868896, -1.311241745948792, -1.607701301574707
-0.221491560339928, -0.118232332170010, 1.098963737487793, 0.729561567306519, 0.654224634170532, -0.042907182127237, 0.976628065109253, -0.665754079818726, -0.345189779996872, 0.302593111991882, -0.959474384784698, 1.154268860816956, 0.770854592323303, 0.952241718769073, -0.122912086546421, -0.400279402732849, 1.518217682838440, 0.363364279270172, 0.682648003101349, -1.148077011108398
-1.357278466224670, 0.156856328248978, 0.075774319469929, 0.364917159080505, -0.113102793693542, 0.850475192070007, 0.744494438171387, 0.005295152310282, 0.691376447677612, -0.471426904201508, 0.865331053733826, 0.155402615666389, 0.203038334846497, -0.781778335571289, 0.355410397052765, 0.260682076215744, -0.125701889395714, -0.518418848514557, -0.281367212533951, -0.271697193384171
-1.047574877738953, -0.384865045547485, -1.262735128402710, 0.414110809564590, -0.285290122032166, 0.384372740983963, 0.645423650741577, -0.019996488466859, -0.599699437618256, -0.260151237249374, -0.543575108051300, -1.084666132926941, -0.481212705373764, -0.697000563144684, 1.099463939666748, -0.902627944946289, 0.569354236125946, 0.349101632833481, -0.057454239577055, -0.505609929561615
0.764514327049255, -0.356016188859940, 0.879680752754211, 1.867296338081360, 0.455981016159058, -0.649536073207855, 1.257668018341064, 0.597310483455658, 1.266317844390869, 0.181909009814262, 0.122913047671318, -0.594225466251373, 0.516346991062164, 0.215333789587021, 0.080578908324242, -0.374278247356415, 0.924466013908386, -0.542320787906647, 0.277602493762970, -1.427772641181946
0.547790408134460, 0.582715570926666, 0.667628824710846, -0.197197169065475, 0.700100779533386, -0.439155310392380, -0.226379320025444, 1.130712032318115, -0.152669966220856, -1.461778283119202, -0.937290072441101, -0.739795506000519, 0.165059328079224, -0.590755760669708, -0.802213430404663, 0.720466256141663, -0.231305748224258, 0.176141053438187, 0.528520882129669, -0.270812481641769
0.964597046375275, -1.282877802848816, 0.137375250458717, 0.277145445346832, -0.541088759899139, 0.753903090953827, -0.328623265028000, 0.776523292064667, -0.669889092445374, -0.596327245235443, -0.265866249799728, 0.511492848396301, 0.429267078638077, -1.476740598678589, 0.824140071868896, -0.229060620069504, 0.741237580776215, -1.445421218872070, -0.277440935373306, -0.354621529579163
-1.225468635559082, -0.082989215850830, 0.387573510408401, -0.600214064121246, -0.172572776675224, -1.041920542716980, -0.169162988662720, -0.062319617718458, 0.356514066457748, -0.041718427091837, 0.218159422278404, -0.919518887996674, -1.969705343246460, 0.722097456455231, -0.451051235198975, -1.012112021446228, -0.063917532563210, 1.567705035209656, 0.274082660675049, 0.803020000457764
-0.217121452093124, 1.201943278312683, 0.675358772277832, -0.028804104775190, 0.121197380125523, 0.026212578639388, 0.242557629942894, 0.681998729705811, -0.311607748270035, -0.569272339344025, -0.524913668632507, -0.465262562036514, 0.629792153835297, -0.109584733843803, 1.180727243423462, -0.176414996385574, 0.947591364383698, -0.570853531360626, -0.758908212184906, 0.459901601076126
1.501003742218018, 0.407927930355072, -0.528704166412354, -1.024795174598694, -1.308989167213440, -0.563984930515289, 1.083760023117065, -1.527393698692322, 0.812270283699036, -0.805938005447388, 0.376313894987106, -0.735069155693054, 0.484754979610443, -0.319699555635452, 1.575217127799988, -0.926759719848633, 0.043590962886810, -0.161619052290916, -0.016326613724232, 0.101635277271271
0.532994210720062, 0.102077834308147, -0.884547770023346, -0.645037412643433, 0.584956288337708, 0.119128778576851, 0.349117696285248, -0.077055059373379, 0.743511497974396, -0.994374513626099, -1.256312966346741, 0.225880503654480, 0.919200956821442, -0.957284986972809, -1.321620821952820, -0.740900576114655, 0.414790421724319, 0.726067960262299, -1.021236181259155, 0.078367657959461
-0.365495264530182, -1.427451372146606, -1.011051774024963, 0.978833138942719, 0.167891576886177, 0.725658833980560, 0.898281872272491, -0.588468313217163, 0.877231121063232, 0.033077031373978, 0.861968994140625, 0.616168022155762, -0.114158898591995, 0.531904458999634, 0.566010594367981, 0.928526520729065, -0.464348107576370, 0.314473539590836, -0.544889211654663, 0.516770064830780
-0.751503884792328, -0.869998574256897, 0.493591845035553, 0.110880166292191, 0.645872473716736, -0.960209071636200, -0.012334030121565, 1.029256224632263, 0.382933437824249, 0.377175807952881, -0.284792840480804, 0.246191486716270, 0.868521749973297, 0.638473510742188, 1.117568612098694, -0.073835462331772, -0.069498099386692, -0.128591850399971, -0.544915974140167, -1.362003207206726
0.726018488407135, -0.070626601576805, -0.113017588853836, -0.075528129935265, 0.161756038665771, 0.381210833787918, 0.985654473304749, 0.320843458175659, 0.442397892475128, -1.524026274681091, -0.757559359073639, -0.860157608985901, -1.202494025230408, 1.285021185874939, 0.959968984127045, 0.944423079490662, 0.205427929759026, -0.740000963211060, 0.850069403648376, -0.005705260671675
-0.551077902317047, 0.475364446640015, 0.394158244132996, 0.580336928367615, -0.181701183319092, 0.520273268222809, -0.577232956886292, -0.098966315388680, 0.319322735071182, -1.310790777206421, -0.785257041454315, 0.540784299373627, -0.990604460239410, -0.330091208219528, -0.288057625293732, -0.092945255339146, 1.189191341400146, -0.133044123649597, -0.522913753986359, -1.137356042861938
-1.127571105957031, -0.179651662707329, -0.046963032335043, -0.354725450277328, -1.225129723548889, -2.033872127532959, -0.269448101520538, 0.912024021148682, 1.041805028915405, 1.008626103401184, -0.110658548772335, -0.164330527186394, 1.029807686805725, -1.396931767463684, 0.164496630430222, 0.191899627447128, -0.340630531311035, 1.154992699623108, -1.302278399467468, -0.427720636129379
0.789196848869324, 0.576450824737549, -0.044848680496216, 0.238020092248917, 0.640178143978119, -1.035506844520569, 0.566505849361420, 0.484074831008911, 0.712129652500153, 1.014166951179504, -1.024021387100220, -0.017460737377405, 0.243248298764229, -0.978915452957153, 1.335682630538940, 0.893672227859497, 0.338716000318527, 0.511245906352997, -0.779040634632111, -0.347283691167831
0.124367937445641, -0.334551692008972, -0.963836908340454, -0.882172107696533, 1.259350419044495, -0.462251693010330, 1.006867766380310, -0.895935475826263, 0.070352219045162, 0.605837702751160, -0.589527964591980, 0.516537725925446, -0.563002467155457, 1.394309043884277, 1.107053995132446, -0.128595456480980, 0.108310326933861, -0.345306307077408, -1.170518517494202, 1.117874860763550
1.174587965011597, -0.203883513808250, -1.226313233375549, 0.801814794540405, -0.393454223871231, 1.196637868881226, 0.116357520222664, -0.045897040516138, -0.925014197826385, -0.465766608715057, -0.877766549587250, 0.107198908925056, 0.252255737781525, -0.425063192844391, 0.239402160048485, -0.267526179552078, 0.220465913414955, -0.103807218372822, 0.675367474555969, 0.443642824888229
-0.883512258529663, -1.420993566513062, -0.463628739118576, -0.982713401317596, -0.642098724842072, 1.161396861076355, 0.581293940544128, 1.044635534286499, 0.628338932991028, 0.614181756973267, -0.060150932520628, 0.058478798717260, 0.251566052436829, -0.622264146804810, 0.817466795444489, 0.219704702496529, -1.183529615402222, 0.301352679729462, -0.578987479209900, 0.993284583091736
-0.591555774211884, 0.433596312999725, -0.207350030541420, 0.970147430896759, 0.734007060527802, 1.369650244712830, -0.276875466108322, -0.170678973197937, 0.385528951883316, -0.010920471511781, 0.819282770156860, -0.485881894826889, 0.231560766696930, -0.058244246989489, 0.137026086449623, -0.431661039590836, -0.228758558630943, 0.064504809677601, -1.547003865242004, -1.351014256477356
0.136327952146530, -0.050914265215397, -0.340805798768997, 1.000423908233643, 0.035175111144781, -0.110116347670555, 0.768114387989044, -0.177865862846375, -0.237318515777588, 2.010887861251831, -0.475739717483521, -0.112865068018436, -0.454924404621124, 0.377922058105469, 0.506703078746796, 1.142823576927185, -0.856891036033630, -0.134205430746078, 1.069537162780762, -0.942521691322327
-0.045029643923044, 0.177327156066895, 0.314780443906784, 0.768417537212372, -0.028282934799790, -0.843032658100128, -1.315736889839172, 0.924281954765320, 0.726316094398499, 1.005916833877563, -0.230608358979225, -1.093791127204895, 0.152717620134354, -0.192112445831299, -0.139581948518753, -0.320135921239853, 0.054806616157293, -0.469964921474457, 0.589414238929749, -0.535335183143616
0.779596984386444, -0.722864806652069, 1.664974451065063, 0.009857560507953, 0.066839851438999, 0.042178031057119, -0.636318087577820, -1.052363514900208, 1.198279142379761, 0.197556987404823, 1.469965100288391, -0.239183768630028, 0.357649624347687, 0.360505431890488, 0.720690488815308, -0.902587890625000, -0.810972809791565, -1.424859642982483, -0.014303226955235, 0.607219994068146
-1.021178722381592, -0.843785583972931, 0.154166072607040, -0.257947325706482, 0.224108368158340, 0.073026917874813, 0.554043710231781, 0.590517699718475, -0.411189436912537, -0.940683841705322, -2.003904581069946, -0.666042923927307, -0.508644282817841, 0.988603472709656, -0.167878195643425, -1.106945872306824, 0.611757695674896, 0.453697800636292, 0.251175701618195, 0.845640361309052
0.207502126693726, -0.382527738809586, -0.605303585529327, -0.936289608478546, 0.218394204974174, -1.042694568634033, 0.661236464977264, 0.427310973405838, 0.566741466522217, 0.405292481184006, 0.330540567636490, 0.944602072238922, -0.896374821662903, -0.181751772761345, -0.495218515396118, -0.167379960417747, 1.083875179290771, -1.846199274063110, -0.227443024516106, 1.136647820472717
2.253754138946533, 0.090849593281746, 0.216008499264717, -0.126408174633980, 0.359098821878433, -1.047455430030823, -0.530994772911072, 0.636716187000275, 0.312797695398331, 0.839584410190582, 0.285680919885635, 1.012790799140930, 0.166107296943665, -1.146767616271973, 1.723740458488464, -0.069965563714504, -0.271472096443176, 1.469161748886108, 0.876131653785706, 0.692574918270111
-0.088637366890907, 0.183071374893188, -0.278254359960556, -0.149847075343132, -0.080322183668613, -0.573079705238342, -0.061315033584833, -0.181167051196098, 1.400542616844177, -1.546976208686829, -0.154003858566284, -0.050207845866680, -0.627829372882843, -0.274370938539505, 0.045191060751677, 0.612093508243561, -0.694396853446960, 1.061452865600586, 1.234870076179504, -0.687404334545135
0.423193961381912, 0.052279498428106, 0.192299097776413, 0.381330728530884, 1.135594367980957, -2.126624584197998, -0.056735537946224, -0.802161931991577, -0.005438840482384, -0.493970572948456, 0.257800132036209, -0.452116370201111, 0.834187448024750, -0.408944040536880, -0.609384417533875, 0.419711291790009, 1.256059527397156, -0.477042466402054, -0.134033128619194, 0.758257031440735
-0.008629919029772, -0.003525978419930, 0.087889045476913, -0.881022334098816, 0.841346144676208, 0.149221822619438, 0.049738164991140, -0.022023934870958, 0.148682877421379, 1.086375355720520, -0.134913235902786, -0.468394756317139, 0.612347304821014, 0.483473718166351, 0.823018372058868, -0.061468835920095, 0.616424500942230, 1.696008443832397, -0.057754777371883, 0.065821900963783
0.402343660593033, 1.292581915855408, 0.664200425148010, -0.943848550319672, -0.967363536357880, 0.372676819562912, -0.536206424236298, 0.697903335094452, -0.341443032026291, -0.516972899436951, -1.300941467285156, -0.079665586352348, 0.780974388122559, 0.382163226604462, -0.471422016620636, 0.380102246999741, -0.751050531864166, -0.716054260730743, 0.192154988646507, -0.581037342548370
0.488697201013565, -0.197261109948158, -0.134321987628937, -0.101734966039658, -0.013837886042893, -0.732623934745789, 0.888010919094086, 0.046998549252748, 0.174573823809624, -1.946775436401367, 0.935246348381042, 1.128807663917542, -0.902736783027649, -0.129623487591743, 0.098003447055817, 0.621056139469147, 0.262258678674698, 0.126045972108841, 1.247378706932068, -1.017446637153625
-0.070538826286793, -1.245308995246887, 0.295013844966888, 0.215199306607246, 0.438665598630905, -0.833923697471619, 0.871495425701141, -0.138100996613503, 0.463414460420609, -0.127041637897491, 0.706671297550201, -1.106888890266418, 0.402027606964111, 0.294239968061447, 0.007920522242785, -0.898025155067444, -0.501430749893188, 0.319457918405533, -0.178843334317207, -0.135662719607353
0.117992714047432, -0.465890824794769, 0.034396324306726, 0.066276766359806, 1.013438701629639, 0.480125665664673, 0.607280135154724, 0.720485091209412, -1.776947736740112, 0.233329027891159, 0.613243103027344, 0.497904002666473, 0.176884904503822, -2.144310951232910, 0.377622991800308, 0.399521797895432, -0.856667637825012, -0.367512762546539, 0.538472950458527, -1.147092938423157
-0.695181250572205, -0.259710758924484, 0.760026335716248, 0.234268590807915, 0.382925212383270, -0.082718528807163, -0.405463546514511, 0.795780062675476, -0.282976686954498, 1.294221758842468, -1.046669721603394, -0.116987347602844, -0.126134589314461, -0.543251156806946, 0.123409569263458, -0.413590073585510, -0.824976444244385, -0.042736917734146, 0.060538500547409, -1.130274176597595
0.043933026492596, -0.274914532899857, -0.318927824497223, 0.835017740726471, -0.253568321466446, -0.412826895713806, -0.704111695289612, 0.630270123481750, 0.212936908006668, -1.111781597137451, -0.824421823024750, 0.993738353252411, -0.694973170757294, -0.474834024906158, 0.873912215232849, -0.299252241849899, -0.710537493228912, 0.702246129512787, 0.098276868462563, -0.314520716667175
0.875389337539673, -1.216456890106201, 0.549635648727417, -0.934260845184326, 0.561440348625183, -0.296200484037399, -0.504062891006470, 0.306869804859161, 0.764655947685242, 0.221898034214973, 0.281721830368042, -0.425705254077911, -0.047570735216141, -1.192415952682495, 0.536830842494965, -0.102464593946934, -0.406922489404678, 0.173482462763786, -0.706215560436249, -0.488639235496521
-0.532770991325378, 0.293497979640961, 0.225147008895874, -0.432923614978790, -1.392585754394531, 0.198294252157211, -0.609453320503235, 1.188233017921448, -0.702249646186829, 0.174634993076324, 0.532823920249939, 1.810704708099365, 1.254725575447083, 0.576726913452148, 1.126513600349426, 0.355092406272888, -1.124527692794800, -0.027740359306335, -0.575053870677948, 0.542816877365112
-0.101035214960575, -1.218719959259033, -0.104297287762165, 0.232510343194008, 1.016608476638794, 0.098200939595699, -0.367819517850876, 0.697778761386871, 0.116328485310078, 0.091831915080547, 0.148863449692726, -1.426990628242493, 0.455940008163452, 0.480143576860428, -0.216598898172379, 0.988698780536652, -1.201896786689758, -0.523771584033966, 0.356581270694733, -0.476607948541641
-0.522292971611023, 0.482227981090546, -0.199448198080063, -0.527840375900269, -0.472334355115891, 0.279273211956024, -0.152724906802177, 0.226397216320038, 0.536949038505554, -0.411933511495590, -0.038877345621586, 0.570885121822357, 0.761368811130524, -1.130346536636353, 0.108492851257324, 1.250061035156250, 0.603434562683105, -0.560239672660828, 0.638683676719666, 0.640798926353455
0.139057323336601, -0.206063061952591, -0.788466632366180, 0.800347566604614, 0.621017158031464, -0.273006439208984, 1.105754137039185, 0.680188119411469, 0.883928596973419, 0.722066342830658, 0.367921620607376, -1.507412314414978, -0.040432643145323, 0.873274087905884, 0.012683384120464, 0.550243675708771, 0.926726758480072, -1.289029836654663, -0.480599999427795, -0.386682838201523
0.015267749316990, -0.394057691097260, -0.450672715902328, -0.033589418977499, 0.059465706348419, -1.492126345634460, -0.172508224844933, 0.355901539325714, 0.552805125713348, 0.870225369930267, -0.539661824703217, 0.880070745944977, 1.204026579856873, 0.088986434042454, -0.621753513813019, -0.081811487674713, 0.935738325119019, 0.110235035419464, 0.734018087387085, -0.900440037250519
0.907356858253479, -0.179287284612656, -0.932660937309265, 0.884390294551849, -1.020292043685913, 0.153251409530640, -0.052365317940712, 0.184916988015175, -0.366766363382339, 0.535047650337219, -1.381748557090759, 0.791922211647034, -0.188897967338562, 0.550206422805786, 0.672187566757202, -0.793168067932129, 0.428259938955307, 1.534986495971680, 0.329091310501099, 0.127210065722466
-0.351656079292297, -0.643494427204132, -0.089267186820507, -1.265144944190979, -0.237067401409149, 1.359581589698792, 0.439439862966537, -0.643295705318451, 0.206908047199249, 0.630294740200043, -0.483406305313110, 0.775852262973785, 0.923330545425415, -1.113994836807251, 0.289414495229721, 0.083499617874622, 0.659629940986633, 0.142594844102859, 0.589853107929230, -0.573922574520111
-0.053062655031681, 0.218352198600769, 0.403194397687912, 0.579799294471741, -0.705292999744415, -0.521846711635590, 0.335986047983170, -0.722064137458801, 0.374639242887497, 0.721530497074127, 0.084366276860237, 0.469098895788193, 0.304132014513016, 1.043790221214294, 0.644675612449646, -1.447955846786499, 0.224581360816956, 1.027571439743042, -0.718638122081757, 0.514378428459167
-0.141147777438164, 0.304704189300537, -0.948723673820496, -1.837717294692993, 1.451539754867554, 0.540490269660950, 0.507404923439026, 1.156100392341614, -0.385955870151520, -0.847746014595032, 0.386741608381271, -1.407702207565308, 0.306705206632614, -0.228279903531075, -0.446467429399490, 0.231004461646080, 0.786334931850433, 0.744230628013611, -0.130951493978500, -0.048034522682428
0.091334447264671, 0.362729191780090, 0.039640780538321, 0.023431820794940, -0.781326651573181, -0.029926704242826, -0.722261965274811, -0.486562550067902, 1.062141180038452, 0.723357677459717, 0.143587976694107, 1.093537688255310, 1.105556845664978, 0.635745704174042, -0.105224356055260, -0.136257901787758, 0.113335482776165, -0.248091474175453, -0.315697312355042, 1.507431626319885
-0.614736497402191, 1.001546859741211, -1.709837794303894, 0.885411024093628, 1.006836533546448, -0.256299644708633, -1.101373791694641, -0.363222628831863, 0.487211018800735, 0.036234557628632, -0.315098583698273, -1.212691783905029, -1.610656023025513, 0.296602606773376, 1.279515147209167, 0.160154446959496, -0.795660734176636, -0.064367197453976, -0.197166115045547, -0.151584565639496
0.437178939580917, -0.339881837368011, -0.753039777278900, 0.082186698913574, -0.694774329662323, -0.356302499771118, 0.000464117620140, 0.542819976806641, 0.297656893730164, 0.776746571063995, 1.589076519012451, 1.132807135581970, -0.395679444074631, -0.516024768352509, 0.353102833032608, -0.627582073211670, -1.312258005142212, -0.169744208455086, 1.109751820564270, -0.935623824596405
0.516725301742554, -0.839786291122437, -1.444035887718201, -1.044453024864197, -0.471274018287659, 0.489039391279221, -0.291785359382629, 0.654034793376923, -1.046372652053833, -0.247470766305923, -0.165030226111412, -0.578660190105438, -0.472906529903412, 0.713382899761200, 0.828013479709625, -0.266719311475754, 0.095438525080681, 0.015735767781734, 0.980949461460114, -0.774922311306000
0.435958802700043, -0.023286711424589, -0.029164455831051, 0.293426185846329, -0.912738442420959, 0.752732813358307, -0.342915594577789, 0.820291280746460, -0.174858897924423, 0.884869873523712, 0.431221634149551, -1.641656994819641, -0.179046258330345, -0.580379128456116, 0.302561134099960, 0.176748320460320, 0.108656264841557, -0.753100931644440, -0.629413604736328, 0.933471441268921
-0.178126871585846, 0.500690817832947, -0.538275063037872, 1.141619682312012, 0.467417329549789, -0.981999456882477, -0.572013139724731, -0.349911957979202, -0.048740115016699, 0.261520028114319, -0.464146643877029, 1.051495909690857, -0.421113550662994, -0.784216940402985, 0.334794580936432, -1.358221411705017, 0.606703102588654, -1.750520348548889, -0.868928194046021, 0.147046372294426
-1.222090005874634, -0.489030361175537, 0.543865203857422, 0.997629702091217, -0.583677411079407, 0.575469851493835, 0.084801629185677, 0.453023403882980, 1.031322479248047, 0.912337601184845, -0.575017392635345, -0.267050862312317, 2.183861017227173, 1.021850943565369, -0.245033442974091, 0.560898065567017, 0.504611611366272, -0.942476868629456, 1.491344690322876, -0.676333785057068
-0.806196570396423, 0.187284722924232, 0.478442311286926, 0.462481468915939, 0.779493749141693, -1.094026446342468, 0.447974145412445, 0.776393055915833, 0.712922453880310, -0.154390454292297, -0.085161752998829, 0.116682775318623, 0.484185844659805, -0.875547230243683, -1.403048276901245, -1.266764760017395, -0.525393664836884, -0.264525711536407, 0.125457003712654, 0.241753876209259
0.160137400031090, -0.514986276626587, 1.932902693748474, -0.791976153850555, 0.300741106271744, 0.518750846385956, 0.726302564144135, -0.300606966018677, 0.169803589582443, -0.069925114512444, 0.570697724819183, 0.615550696849823, 0.663060486316681, -0.622210860252380, 0.210733443498611, -0.960527539253235, 0.406815826892853, -0.465111374855042, -0.690057575702667, 0.579377293586731
-0.100020453333855, 0.093871749937534, -0.252412557601929, -0.695832490921021, -0.898824810981750, -0.734417140483856, 0.004718304146081, 0.189140632748604, 0.004235171712935, 0.942413210868835, -0.754069328308105, -0.358805626630783, -0.204257592558861, -0.928692519664764, 0.347931981086731, -1.069593310356140, 0.256831020116806, -0.578805446624756, 0.216841205954552, -0.026954175904393
0.238734856247902, -0.030610775575042, -0.199628040194511, -0.253052592277527, -0.075278475880623, -0.477010160684586, 1.134541153907776, -0.974955677986145, 0.581696629524231, -0.022022634744644, -0.791503190994263, -0.956858336925507, 0.342758148908615, -1.434493184089661, 0.039358314126730, 0.064088024199009, 0.181409478187561, -0.348016917705536, -0.299918353557587, -0.573061883449554
-0.595676541328430, -0.374392539262772, 0.884682774543762, 0.222447589039803, -1.197332739830017, -1.053504467010498, 0.040279284119606, -0.659167587757111, -1.105126738548279, 0.376757472753525, 1.339561343193054, -0.339886933565140, -0.448314875364304, -0.433540999889374, -0.366664171218872, 0.286689579486847, -0.417336106300354, -1.374489665031433, -0.109658956527710, 0.897849202156067
0.327037572860718, -0.117041654884815, -0.495548248291016, -0.980242073535919, -0.033307332545519, -0.030325315892696, -0.100852690637112, 0.467027336359024, 0.488047599792480, -0.454642683267593, 1.060086727142334, 0.396872103214264, -0.868206322193146, -0.350962638854980, -0.281114757061005, 0.911909341812134, 0.221366912126541, 0.737822413444519, -0.136216297745705, 0.794326961040497
0.418635964393616, -0.609031200408936, 0.856249094009399, 0.843859255313873, 0.192871809005737, -0.490199357271194, -0.577485203742981, -0.918274044990540, -0.888440251350403, 0.426475018262863, -0.337879836559296, 0.364255428314209, -0.374501973390579, -0.639790356159210, 0.121496357023716, -0.321052938699722, -0.779270470142365, -1.140291929244995, -0.661256790161133, 0.900191247463226
0.142524942755699, -1.184375762939453, 0.885249197483063, -0.173928812146187, 0.713047504425049, -0.064781934022903, -0.731310963630676, 0.552343010902405, 1.040648221969604, -0.393420994281769, 1.065457463264465, -0.727178394794464, 1.309864640235901, -0.150332391262054, -0.004860111512244, -0.065532080829144, 0.990378379821777, 0.800693392753601, 0.377049863338470, -0.780444502830505
-0.347598612308502, 0.706737041473389, 0.693896055221558, 0.001731042633764, -0.746913075447083, -0.296998113393784, 0.938155353069305, -0.763940811157227, -0.000195064145373, -1.056347012519836, -0.020832926034927, -0.888034343719482, 0.731936216354370, -0.784162282943726, -0.325964123010635, 0.446644455194473, 0.708524405956268, 0.669537901878357, -0.072854362428188, 1.052819609642029
0.190605893731117, -0.596408843994141, 0.646781265735626, 0.398866176605225, -0.665279388427734, 0.147950470447540, 0.282158553600311, 0.018902208656073, -0.059534907341003, -0.822378277778625, -0.942148268222809, 1.234880447387695, 0.659323394298553, 0.919911682605743, -0.897701144218445, 1.137495875358582, 0.186746731400490, 0.983632862567902, -1.858715295791626, -1.185016155242920
0.432443886995316, 0.754614889621735, -0.831089437007904, 0.802465260028839, -0.236309409141541, -0.005038130097091, 0.849087774753571, -0.058121029287577, 0.116936765611172, 0.610271573066711, 0.699856817722321, -0.024051764979959, 0.828263401985168, 0.590076744556427, -0.174093395471573, -0.249006479978561, -0.418533802032471, -0.038469642400742, 0.036175183951855, -0.477433711290359
0.048159509897232, -0.813171088695526, 0.190334632992744, -1.023908138275146, -1.185950875282288, -1.449695825576782, -0.157993897795677, 0.195532947778702, -0.583455622196198, 0.290756404399872, 0.479522615671158, 0.410112947225571, -0.213836863636971, 0.762363314628601, -0.432424515485764, -0.181383714079857, -0.247239112854004, -0.469747692346573, 1.103941559791565, -0.462585568428040
-0.158233806490898, 0.329237818717957, -0.926805078983307, 0.761356115341187, 0.595374107360840, 0.011202313005924, 0.683849155902863, 1.220684170722961, -1.357312560081482, -0.225399643182755, 0.380124509334564, 0.683441758155823, -0.525611340999603, 0.134900540113449, -0.035986106842756, -0.256332188844681, 0.191425085067749, 0.214074760675430, -0.060686815530062, -0.110764354467392
-0.728419065475464, 0.142754301428795, -0.001979336142540, -0.114046052098274, -0.118810340762138, 0.694096505641937, -0.248222231864929, 1.045231938362122, -0.162925288081169, 0.587686598300934, 0.473463267087936, 0.807361662387848, -0.910262882709503, -0.212880611419678, -0.219837278127670, -0.709748446941376, 0.491163492202759, -0.159265115857124, 0.332676619291306, -1.382191896438599
1.479764103889465, 0.622144818305969, -0.101998858153820, -0.568114936351776, 0.302481919527054, 0.072245344519615, -1.629383444786072, -0.302090704441071, 0.720044493675232, 0.136503264307976, -0.129375681281090, -0.044806752353907, 0.883702337741852, -0.354922056198120, 0.791267037391663, 0.779104709625244, -0.894614636898041, -0.045594934374094, -0.778943240642548, 0.768305838108063
0.394902110099792, 0.170968666672707, -0.779892802238464, -0.260846853256226, 0.069018855690956, 1.196665287017822, 0.302973598241806, -0.515860915184021, 0.479145854711533, -0.337748467922211, 0.173891961574554, -0.367006331682205, 0.944020152091980, -0.296919703483582, -1.347739219665527, 0.365245848894119, -0.557957112789154, 0.085461147129536, 0.477728009223938, -0.521313607692719
-0.404726266860962, 0.326145440340042, 1.009282708168030, -0.472264617681503, 0.001243907026947, 0.760070323944092, -1.601946592330933, -0.556335151195526, 0.201683953404427, -0.593120217323303, -0.428646236658096, 0.647365570068359, 0.787697911262512, -0.359777599573135, 0.011910564266145, -0.555662095546722, 0.526084482669830, -0.896499276161194, -1.707608461380005, 0.963421046733856
0.613953769207001, -1.039317131042480, -0.419506698846817, -0.560732543468475, 0.929231286048889, -1.160556197166443, -0.201129481196404, -0.143082842230797, 0.318419039249420, -0.447706878185272, -0.742903769016266, -0.192902714014053, -0.875350058078766, -0.288639307022095, 0.520273506641388, -0.003260921686888, -0.412633568048477, -0.067402534186840, 0.538417518138885, -0.221899688243866
-1.207156538963318, 1.315585851669312, -1.221781730651855, 0.388849496841431, 0.119111306965351, 0.495507091283798, -0.352418571710587, 0.579173028469086, -0.140923976898193, -0.719489514827728, -0.205081671476364, -0.063280738890171, 0.491217553615570, 0.149895757436752, -0.617996275424957, -0.123247414827347, 0.901255369186401, -0.907092750072479, 0.706997871398926, -1.102895140647888
0.420277148485184, -0.542151510715485, -0.619686543941498, 1.579293727874756, 0.496815949678421, 0.993144750595093, -0.829145967960358, -0.067873008549213, -1.137651681900024, 0.426827490329742, -0.172753065824509, -1.130801320075989, 0.960913836956024, -0.291645765304565, 0.056177534162998, -0.413486659526825, 1.323532700538635, 0.597785115242004, -0.251566588878632, 0.492956131696701
-0.329900085926056, 0.887164771556854, 0.192991077899933, 0.736740708351135, 0.410158812999725, 0.068303033709526, 0.089192219078541, 0.656039118766785, -0.587561428546906, 0.123139917850494, 0.057298175990582, -0.223558723926544, -0.384123772382736, -0.232564747333527, -1.359682083129883, -0.542628765106201, -1.089072585105896, -0.475014716386795, -0.680070817470551, 0.022613020613790
-0.958737015724182, -1.185299873352051, -0.487051635980606, -0.666801393032074, -0.662678956985474, 0.018105255439878, -0.362533271312714, 0.240381672978401, 1.363379120826721, -0.165839925408363, 0.057990625500679, 0.520542502403259, -0.204342067241669, -0.509670138359070, 0.029284788295627, -0.462603300809860, 0.795232653617859, -0.766828477382660, 0.215519502758980, 0.947463989257812
-0.920471489429474, 0.051915191113949, -1.149057388305664, -0.459957271814346, 0.345976024866104, -0.119144029915333, -0.351629942655563, 0.818392872810364, -0.807295501232147, -0.617784261703491, 0.702020227909088, -1.273724555969238, 1.092300534248352, -0.131525874137878, 0.818986892700195, 0.264725804328918, 0.857690215110779, -0.749502062797546, -0.244334638118744, 0.883808672428131
0.619935572147369, -0.693698883056641, 0.108968369662762, 0.740021884441376, 0.372836470603943, -0.427817821502686, 0.144569009542465, -0.523182392120361, -0.453478246927261, 0.132588267326355, 0.373743236064911, -0.809326887130737, -0.669954836368561, 0.256651520729065, -0.264428347349167, -1.200439572334290, -0.105124294757843, -0.070427663624287, -0.631741702556610, -0.736561596393585
0.448395460844040, -1.278225064277649, 0.212053447961807, 1.255490303039551, -0.924058616161346, 1.090561151504517, 0.471717298030853, -0.418966412544250, -0.072574719786644, -0.796062767505646, 0.681889951229095, -0.050085116177797, 0.060397174209356, -1.380004763603210, 0.339873969554901, 0.321664094924927, 0.546194255352020, 1.152545928955078, -0.232565417885780, 0.011961279436946
-0.469189614057541, -0.067165501415730, -0.293137282133102, 0.508535683155060, -0.404493957757950, -0.006758674047887, -0.363138496875763, -0.888092756271362, 0.359433799982071, -0.171363443136215, -0.296240359544754, 0.081297352910042, -0.512105643749237, -1.116036057472229, -0.131649702787399, 0.350914418697357, -0.357607662677765, -0.315869480371475, -0.338604360818863, 0.375583112239838
-0.110065840184689, -0.182623684406281, -0.436382412910461, -1.521275162696838, 0.005758693907410, 1.005436420440674, -0.909522414207458, -0.874990046024323, 0.831280410289764, 0.291677802801132, -1.096826791763306, -0.522895991802216, 0.538681864738464, 0.590582072734833, -0.286131292581558, -1.128911495208740, -0.117955751717091, 1.048366665840149, -0.455768018960953, -0.146224588155746
-0.499237567186356, -0.454210966825485, -0.059124540537596, -0.937851071357727, 0.159378334879875, -0.386826157569885, -0.698209345340729, 0.232325568795204, 0.665393590927124, 0.096868708729744, -0.489227920770645, 1.517321825027466, -1.185446619987488, 0.048924040049314, -0.524143397808075, 0.043595150113106, 0.237259849905968, -0.623639523983002, 1.487488389015198, 0.157549083232880
-0.120420813560486, 0.369639575481415, -0.078173160552979, 0.100232966244221, -0.103105381131172, -0.771545171737671, 1.748176097869873, 1.037714362144470, 0.321453750133514, 0.269949615001678, 0.003837580792606, -0.144261986017227, -0.065861292183399, 0.719081521034241, -0.360958337783813, 1.201668024063110, 1.055593371391296, 0.384266734123230, 0.607336461544037, 0.588066518306732
-0.613644838333130, -1.699758529663086, 1.222439885139465, 0.232165142893791, -0.890960335731506, 0.049674641340971, -0.306966155767441, -0.503950595855713, 0.343348622322083, -0.973536610603333, -0.026727803051472, -1.018584847450256, 0.459718465805054, 0.295534521341324, 0.316942453384399, 0.458592265844345, -0.888497769832611, -0.487571835517883, 1.407049417495728, 0.133338585495949
-0.223191440105438, -0.183164849877357, -0.191860631108284, 0.347900450229645, -0.182029724121094, 0.055757921189070, 0.320461183786392, 0.020906744524837, 0.454173207283020, -0.144046336412430, -0.617740631103516, -0.235307261347771, 0.747596919536591, 1.387648463249207, -0.631884157657623, -1.571881413459778, -0.531404972076416, 0.830601096153259, -0.768910586833954, -0.663188159465790
1.027494311332703, -0.346301525831223, 0.391671091318130, -0.387394905090332, -0.312444269657135, -0.017106704413891, -1.298632025718689, -0.649907886981964, -0.176460072398186, 0.991376698017120, -0.528824746608734, 0.315359741449356, 0.060358662158251, 0.267688870429993, -0.242298781871796, -0.663622856140137, 1.006897211074829, 0.292531430721283, -0.157117217779160, -0.471160292625427
0.467608034610748, 0.392219632863998, -0.737963020801544, -1.565402388572693, 0.874758660793304, 0.519248783588409, -0.968691825866699, -1.116072297096252, 0.080578081309795, 0.124887652695179, -0.254934847354889, -0.273307919502258, -0.381256878376007, 0.664435148239136, -0.597125172615051, 0.506566107273102, -0.358833640813828, -0.380536794662476, 0.040039882063866, -0.499837517738342
-0.631222367286682, -0.330404043197632, -0.173482358455658, -0.651781320571899, -1.232976913452148, -0.445744186639786, -0.600199043750763, 0.702211558818817, 0.722939312458038, -0.528215765953064, -0.844119369983673, -0.395480662584305, 0.237919956445694, 0.231589689850807, 0.347925424575806, 0.087569400668144, 0.985374748706818, -0.959378004074097, 1.209447622299194, 0.117541238665581
-0.702280998229980, 0.154656499624252, -0.055941563099623, 0.580562591552734, 1.350064158439636, 0.113610245287418, 0.274783462285995, 1.107250213623047, -0.630172729492188, 0.054949186742306, -0.641134798526764, 1.348126292228699, -0.205036118626595, -0.659059286117554, 0.570558488368988, 0.895514428615570, -1.314065217971802, -0.535967290401459, -0.130430281162262, 0.440041601657867
-0.666493892669678, 1.127271175384521, 0.082092769443989, -1.132418870925903, -0.029649605974555, 0.735171377658844, 0.504702329635620, -0.250135660171509, -0.187475949525833, 0.124903522431850, -1.273334026336670, 0.706095576286316, -0.851185083389282, -0.547800600528717, 0.969883799552917, 0.677982389926910, -0.734182476997375, 0.474842220544815, -1.194878697395325, -0.528355300426483
-1.506554365158081, 0.289133876562119, 0.786488354206085, 0.630032837390900, -0.699589669704437, -1.187916278839111, -0.545150041580200, -1.136339187622070, 1.124599933624268, -1.294107556343079, -0.777190327644348, -1.371270298957825, 0.625381946563721, 0.225289821624756, -0.040647987276316, 0.078737199306488, -1.083200097084045, -0.262209624052048, -0.673795342445374, 0.113146990537643
-0.940099835395813, 1.071445465087891, 0.284712255001068, -0.043323110789061, 1.694122672080994, 1.616237640380859, -0.742412745952606, -0.099619381129742, -0.672411143779755, 0.332592755556107, 0.444048464298248, 0.581495940685272, 0.336704641580582, 0.385637342929840, -0.371127307415009, 0.024516906589270, 0.347350567579269, 0.284622400999069, 0.718640625476837, 0.996963739395142
-0.820092618465424, 1.026506900787354, -0.687763690948486, 0.102020412683487, -0.349007964134216, 0.064440339803696, -0.310029983520508, -1.040159344673157, 0.375596523284912, -0.688606679439545, -0.229150831699371, 0.098284713923931, 1.145468950271606, 0.175766736268997, 1.014153242111206, 0.519717216491699, 1.447462320327759, 0.320097625255585, -0.029324147850275, 0.029239855706692
0.560963511466980, 1.759880900382996, 0.182006061077118, 0.605302691459656, -1.506896376609802, 0.203419506549835, -0.083890967071056, -0.224105000495911, -0.564140915870667, -0.784351646900177, -0.861130356788635, -0.801919341087341, 0.742866694927216, 0.169977918267250, 1.189720153808594, -0.628957390785217, -0.761856496334076, -0.748798072338104, -0.001426035072654, -0.231910988688469
