-0.803368866443634, -0.612839043140411, -0.224594727158546, -1.175815701484680, 1.129556417465210, 0.230418622493744, 0.051070775836706, -0.009656632319093, -0.115605987608433, 0.024128099903464, 0.502570211887360, 0.557216286659241, -0.808413505554199, -0.136524692177773, 0.613414585590363, -0.352506935596466
0.790131807327271, 1.117330551147461, 0.254528880119324, 0.379346668720245, 1.097980737686157, -0.480809211730957, -0.899528622627258, -0.345608323812485, -0.855658054351807, -0.586387693881989, 0.857345461845398, 0.851061999797821, 0.055153328925371, -0.511594891548157, -0.694162845611572, -0.879457592964172
-0.023100124672055, 0.606462240219116, -0.357546359300613, -0.949122607707977, -0.267309904098511, 0.568989038467407, 0.592239677906036, 0.799498558044434, -0.371557474136353, -1.154669284820557, -0.175707399845123, -0.649294972419739, -0.388053894042969, 0.073156781494617, -1.979931116104126, -0.412163048982620
1.286017179489136, 0.465607672929764, 0.180918321013451, 0.661458611488342, 0.785767197608948, 1.265874266624451, -0.288511127233505, -0.848546385765076, -0.457732945680618, -0.926143467426300, 1.387610316276550, -0.544064164161682, -0.392927885055542, 0.722077786922455, 0.791531205177307, 0.479610025882721
0.779123723506927, 0.080841444432735, 0.135001316666603, 0.151230797171593, 0.581620097160339, -0.673043072223663, -0.470752447843552, -0.469654321670532, -0.356630861759186, -0.925875723361969, 1.005669355392456, -0.338070988655090, 1.922887802124023, -0.940285861492157, -0.502675294876099, 0.111508853733540
-0.191025733947754, 1.014614820480347, -0.395719766616821, 0.140118926763535, 0.626384377479553, -0.299315214157104, -0.961290001869202, 0.504240334033966, 0.257131189107895, -0.369364321231842, -0.616921067237854, 0.856453895568848, -0.704871952533722, 0.475182771682739, 0.731995820999146, 0.091097965836525
1.487087368965149, -0.625936567783356, 0.902671098709106, 0.482175618410110, 0.416975587606430, -0.015705762431026, -0.056238994002342, 1.526858329772949, -0.552010357379913, -0.400282502174377, -0.442294538021088, -0.291283577680588, -0.619427800178528, -0.140328377485275, 1.174572944641113, 0.492543578147888
-0.873251557350159, 0.619815230369568, 0.527900695800781, -0.030470438301563, -0.347687840461731, -1.163401961326599, 0.451358586549759, -0.246175706386566, -0.891576647758484, -0.577285468578339, 1.136008977890015, -0.341602087020874, 0.536193013191223, 0.327656656503677, -0.407730221748352, 1.288342118263245
-0.683389008045197, 0.894093096256256, 0.501119852066040, -1.381467580795288, -0.666075468063354, 0.378155082464218, -0.175660356879234, 1.380763530731201, -0.734328806400299, -0.005101207643747, -0.571209728717804, -0.594141244888306, -0.582025647163391, -0.987214028835297, 0.719753026962280, 0.783574044704437
-0.207445532083511, -0.009239261969924, -0.973697483539581, 0.911606669425964, -1.566385149955750, 0.106033846735954, 0.087117142975330, 1.211295485496521, 0.838840544223785, -0.093847922980785, 0.448272824287415, 0.584073781967163, 1.042127728462219, -0.915674865245819, -0.610067844390869, 0.134844765067101
-0.220428451895714, -0.260289043188095, 0.434402525424957, 0.473439693450928, -0.764609098434448, 0.713683724403381, 0.037794463336468, -1.638545751571655, -0.490913391113281, 1.035960912704468, -1.094419717788696, 0.948452293872833, -0.329913258552551, 0.014005716890097, 1.077814936637878, 0.140653178095818
0.409436255693436, 0.916184067726135, 0.013559974730015, -0.187737628817558, 0.888143241405487, 0.589124262332916, 0.294786214828491, 0.797525465488434, -0.000440888339654, 0.427036166191101, -0.034226313233376, 0.148584589362144, -0.120912417769432, -0.718579411506653, 0.033855728805065, -0.138778612017632
0.905887901782990, -0.243007540702820, 1.013958215713501, -0.284569829702377, 0.884480893611908, -0.823015689849854, 0.866751074790955, 0.755353808403015, 0.139430046081543, -0.292698204517365, -0.490239799022675, 0.200172096490860, -0.172011733055115, 1.452801108360291, -0.106584489345551, 1.032334923744202
0.359069347381592, 0.027819450944662, 0.742716312408447, 1.084957122802734, -0.343357294797897, 0.803798079490662, 0.567220389842987, -0.275286406278610, -0.346817404031754, 0.583580911159515, -0.989168941974640, -0.665886640548706, -0.925428807735443, -0.326129257678986, -0.377132683992386, 0.076022602617741
-0.463249087333679, -0.463944673538208, 0.387518882751465, -1.150510311126709, 0.517721772193909, -0.440286487340927, 0.099450007081032, -1.856481075286865, 0.673762798309326, 1.315915942192078, -0.687126040458679, -0.123818717896938, -0.014891231432557, -1.150552868843079, 0.748184502124786, -1.118602395057678
-0.186238527297974, 0.545191287994385, -0.647369325160980, -1.152962684631348, 0.122469037771225, 1.427098751068115, 0.340101122856140, -0.954954683780670, 0.990603089332581, 0.025875870138407, -0.590198576450348, 1.522855877876282, -0.011178215034306, -0.097184859216213, -0.524292230606079, 0.007416291628033
0.775357306003571, -0.560729205608368, 0.655041575431824, -0.772728919982910, -0.271140217781067, 0.528839647769928, -0.683155953884125, 0.193174257874489, -0.451301991939545, -0.123842649161816, -0.189477846026421, 0.249948084354401, -0.559248507022858, -0.396679937839508, 1.095275402069092, 0.058519437909126
0.128131434321404, 0.344263017177582, -0.715514600276947, -1.471106171607971, -0.035812549293041, -0.247296556830406, -0.076014928519726, 1.100693821907043, -0.123744145035744, 1.187884330749512, 1.692716836929321, 0.300163149833679, -0.230574101209641, 0.374712020158768, 0.270722866058350, 0.645565152168274
1.239198923110962, -0.986492097377777, 0.967287778854370, 0.230534121394157, 0.369883477687836, 0.424381911754608, -0.760405302047729, 0.508915722370148, -0.110745355486870, 0.542961895465851, -0.073805518448353, -1.346449851989746, 0.149849846959114, -0.791918098926544, -0.992820322513580, -0.288554668426514
0.545701920986176, 1.335772633552551, 0.127293869853020, 1.060021162033081, 0.312792032957077, -0.682029366493225, 0.408290773630142, -0.620621263980865, -0.060281813144684, -0.325699537992477, 1.550310254096985, -0.735178112983704, 0.547209084033966, 1.130914211273193, 0.914177417755127, 0.437314331531525
1.553121209144592, -0.017708143219352, 0.061607815325260, -1.405991315841675, -1.349056839942932, 1.032030463218689, -0.340278238058090, -0.222037538886070, -0.225693643093109, 0.240176633000374, 1.400228857994080, 1.079481005668640, -0.643513143062592, 0.379195809364319, -0.361156135797501, -0.831789612770081
1.366992950439453, -0.920952796936035, -1.473210692405701, 0.010532217100263, 0.831678092479706, -0.348198205232620, -0.052767522633076, -0.734081149101257, 0.014046604745090, -0.487639784812927, 0.017796855419874, 0.161035567522049, 0.729853987693787, 0.547578394412994, 0.496524006128311, 1.165598750114441
0.170785725116730, 0.700616836547852, -0.397798985242844, 1.298004150390625, -0.984925210475922, 0.300875097513199, -0.148453146219254, 1.244984507560730, -1.249373555183411, 0.460245937108994, -1.063517332077026, 0.106093265116215, 1.280814647674561, -0.376224309206009, 0.271641701459885, -0.580457031726837
0.909917831420898, 0.680687248706818, 0.583226561546326, 0.123332753777504, -0.728809356689453, -0.103145360946655, 0.848013639450073, 0.248767867684364, -1.223079442977905, 0.471626788377762, -0.039256315678358, 0.933522164821625, -0.199318945407867, -1.478071212768555, -0.869129478931427, 0.796992123126984
-0.171861723065376, -0.416277199983597, 0.051518231630325, -1.045447230339050, 0.620281875133514, -0.025062719359994, -0.511975407600403, -0.288082987070084, 0.273253172636032, -0.372161448001862, -1.159215927124023, -0.949054718017578, 0.869338989257812, -0.552664160728455, -1.040884733200073, -0.153450310230255
0.552373111248016, 1.449498176574707, -0.043558053672314, 0.448176980018616, 0.503219962120056, -0.211604252457619, -1.149993181228638, -0.278465509414673, -0.434891462326050, 0.040096752345562, 1.273236632347107, -0.160732522606850, -0.134650781750679, 0.185087844729424, 0.185360610485077, 0.438158541917801
-0.801100134849548, -0.736016213893890, 0.103049486875534, 0.323088020086288, 0.110325269401073, -0.559761881828308, -0.607149600982666, -0.422322541475296, 0.729037761688232, 0.094552300870419, 0.494375348091125, 0.793852448463440, -0.283616364002228, 0.050210472196341, 0.475444972515106, 2.164446592330933
-0.658704996109009, 0.808116197586060, -0.454687327146530, 1.512080311775208, 0.106871582567692, -0.841050386428833, 1.022403359413147, -0.226153627038002, 0.434549927711487, 0.593530595302582, -0.654920041561127, 0.337508797645569, -0.709746360778809, -1.568095445632935, -0.480338424444199, -0.216935172677040
0.090016357600689, 0.468392223119736, 1.049430608749390, -0.285557717084885, -1.239034175872803, -0.835257470607758, -1.001657247543335, 0.968796670436859, -1.145094275474548, -0.403509646654129, -0.951110959053040, -0.502832591533661, -0.648101568222046, 0.060424756258726, -0.002120555844158, 0.018766522407532
-0.149197146296501, -1.068454265594482, -0.831353008747101, 1.497715473175049, -0.432735800743103, -0.365842700004578, 0.619874417781830, -0.551475584506989, -0.095442481338978, -0.091766268014908, -0.436808824539185, 0.577608704566956, 1.177739739418030, -0.236177355051041, 0.668396472930908, 1.142178535461426
0.182172924280167, 0.458664596080780, -1.079984664916992, 0.399522751569748, 0.588509500026703, -0.495527416467667, -0.458971619606018, -0.132381513714790, 0.732734084129333, 0.703305721282959, 1.344706416130066, 0.593648672103882, -0.994150757789612, -0.368968397378922, 0.048662766814232, -0.758143126964569
-0.340122401714325, -0.097814448177814, -0.231782466173172, -0.406233727931976, -0.727364003658295, -0.724637687206268, 0.092009179294109, -0.220188379287720, -0.362239181995392, -0.840550482273102, 0.122935406863689, -1.245300650596619, -1.124692320823669, -0.414120882749557, 0.420364707708359, -0.652944087982178
0.252617418766022, 0.068736895918846, -1.312123894691467, 0.545984208583832, -0.679506242275238, -0.110140375792980, 0.439548283815384, -1.356978297233582, 0.196452632546425, -0.448228716850281, 0.119903877377510, 0.789436340332031, 0.197342559695244, -0.517885088920593, 0.097108177840710, 1.796400547027588
-1.519806981086731, 0.201061770319939, 0.474781155586243, -0.251467645168304, 1.531924962997437, -0.225011661648750, -0.093871600925922, 0.458223670721054, 0.421442896127701, -0.448848485946655, -0.520241379737854, 0.274437159299850, 0.196134746074677, 0.313488960266113, 0.569172799587250, 1.416538357734680
0.330920308828354, 0.314962834119797, 0.132999211549759, 0.613964617252350, 0.964231193065643, -0.752777397632599, -0.145851761102676, 0.762272000312805, 0.387471437454224, -0.877967655658722, -1.231736302375793, 0.814264595508575, -0.414223790168762, 1.388032555580139, -0.565470457077026, 0.424637436866760
-0.760899603366852, 0.315248638391495, 0.460054934024811, -0.982738137245178, 0.092210233211517, -0.097780078649521, -1.115823864936829, 1.088408946990967, 0.179630547761917, 1.166058301925659, -0.428142637014389, -0.328061074018478, 1.414193868637085, -0.421020954847336, 1.203265905380249, 0.834510385990143
1.149802803993225, 0.172486186027527, -0.604702174663544, 0.045370731502771, 0.213852584362030, -0.411326169967651, -0.836687564849854, 1.610519886016846, 0.817731201648712, -0.913364052772522, 0.256683856248856, 0.691771924495697, -0.151349425315857, -0.905579209327698, 1.198805332183838, 0.547210872173309
-1.174187421798706, -0.409634321928024, -0.355306893587112, -0.696476042270660, -0.076749026775360, 0.269316017627716, -1.560718655586243, -0.360918402671814, 0.062173366546631, -1.364330530166626, -0.521863579750061, 0.308081626892090, -0.628862023353577, 0.608013868331909, -0.395498216152191, -0.187172815203667
0.309755623340607, -0.212026894092560, -0.030492352321744, 0.482589811086655, 0.204115912318230, -0.420169264078140, 0.977080047130585, 0.574717223644257, 0.554065823554993, -0.477129369974136, -0.625612735748291, -0.118793010711670, 0.198978215456009, 0.288715183734894, -1.370401263237000, 0.395879179239273
0.403513550758362, -0.511768162250519, -1.152957081794739, -0.418745100498199, 0.269677609205246, -0.029071860015392, 0.116877429187298, 0.039028696715832, -0.906022131443024, 0.019119426608086, 0.904001057147980, 1.554374217987061, 1.053035855293274, 0.201258212327957, 0.432243973016739, -0.274898350238800
-0.180264458060265, 0.252548277378082, 0.667031168937683, -0.919639587402344, 0.274406999349594, 1.007151484489441, 1.487574458122253, 0.717908799648285, 0.651630043983459, -0.717133402824402, 0.456234157085419, 1.087585687637329, 1.154874920845032, 0.219332501292229, 1.112760901451111, 0.605401694774628
-0.573548197746277, 1.022041440010071, 0.636582970619202, 0.646875798702240, -0.559265851974487, -0.161388546228409, 0.211190894246101, 0.331587404012680, -0.193922609090805, 0.298721224069595, 0.166961640119553, 0.042126961052418, -0.088784508407116, 1.509943604469299, -1.088598608970642, -0.910761952400208
-0.778539001941681, 0.359160244464874, 0.705858230590820, -1.384170770645142, 0.257696062326431, -0.091772817075253, 0.178775772452354, 0.817984938621521, 0.053317904472351, 0.231448382139206, 0.196634218096733, -0.350267708301544, 0.638932824134827, -0.803597569465637, -0.656130254268646, 0.577490329742432
0.476826250553131, -1.351192951202393, 0.028897644951940, 0.821579277515411, -0.403527587652206, -1.110058426856995, 0.173649236559868, 0.725425243377686, -0.025104070082307, -0.764908313751221, -0.553255021572113, 0.215728431940079, -0.275779694318771, -0.094787575304508, -0.034073881804943, -0.909762144088745
0.058315180242062, 0.668015122413635, -0.632671892642975, -0.422387421131134, -0.897159039974213, 0.720447361469269, -1.166432380676270, -0.570405423641205, 0.547873973846436, -0.063177853822708, -0.316542834043503, 1.314764857292175, 0.198198094964027, 0.156260043382645, 0.438150316476822, 0.838454723358154
-1.169517159461975, -0.213535502552986, -0.875046133995056, -0.991885542869568, 0.183589860796928, -0.180200651288033, 0.764677643775940, 0.127302989363670, -0.283732950687408, -1.179000854492188, -0.078453570604324, 0.451072931289673, -1.082266569137573, 0.126965194940567, 1.265319824218750, 0.032522242516279
1.743850469589233, -0.946284174919128, -0.453675687313080, 0.524882555007935, -0.235894441604614, -1.090356945991516, 0.567713081836700, 0.867800176143646, 0.958524525165558, 0.451161921024323, -0.911419391632080, -0.634670376777649, 0.352346599102020, 0.040092874318361, -0.346189200878143, 0.293560236692429
-0.078549280762672, 0.127662524580956, 0.572431862354279, 0.065735131502151, -1.111420273780823, 0.239827245473862, 0.938664853572845, -0.689896464347839, 0.112863890826702, 0.143788829445839, -0.171764284372330, -0.037025768309832, -1.149789571762085, -1.237173557281494, -0.444394826889038, 0.243790537118912
-0.105670608580112, 0.342056542634964, -0.422175973653793, -0.593019723892212, -0.996084749698639, -0.453298658132553, 1.101743578910828, -0.009865902364254, 1.743487238883972, -0.061051104217768, 0.752517223358154, 0.729598641395569, -0.614068269729614, 0.795670926570892, -1.424410104751587, 0.968746542930603
0.535284638404846, -0.556045889854431, -0.176681622862816, -0.920677006244659, 0.959575057029724, 0.000768254452851, 0.593292951583862, -0.088043823838234, -0.848711907863617, 0.815070331096649, -0.639745712280273, 1.055530071258545, 0.856032669544220, 0.661778748035431, -0.016287956386805, -1.791348814964294
1.140857815742493, -1.194845080375671, -0.628155708312988, 0.206623017787933, 1.449230790138245, 0.658988296985626, -0.561407387256622, 1.382915616035461, -0.130303934216499, -0.172756239771843, -0.676015675067902, -0.142489850521088, 0.761340975761414, -0.347161561250687, -0.511990845203400, 0.704687535762787
-0.926624417304993, 0.088584870100021, -0.121654726564884, 0.435015022754669, -0.003826427273452, -0.157027110457420, 0.365858644247055, 0.613662421703339, -0.140865817666054, -1.726281762123108, 0.689991652965546, 0.224160403013229, -0.789749264717102, -1.131802558898926, 0.289913386106491, -0.794364690780640
0.535837769508362, -0.655055344104767, -0.903373003005981, 0.791386246681213, -0.301956921815872, 0.026431838050485, 1.246653556823730, 0.987229824066162, 0.194950819015503, 0.065010704100132, -0.005361645482481, 0.183901697397232, -0.010378489270806, -0.939220666885376, -0.361905068159103, -0.181827932596207
-0.468828320503235, -0.507184028625488, -0.498640060424805, 0.070240274071693, 0.496960967779160, 0.444612920284271, -0.139528900384903, 0.455330550670624, 0.148134514689445, 0.887198626995087, 0.131135046482086, 0.745400607585907, -0.491191148757935, -0.969889461994171, -0.633558809757233, 0.625731348991394
-0.371456861495972, 0.702186822891235, 1.121284246444702, 0.774974703788757, 0.579754650592804, 0.056066650897264, 0.799016714096069, 0.192876338958740, 1.027416229248047, 0.051736738532782, 0.323307394981384, -0.028604799881577, -1.052427411079407, -1.197572469711304, 0.725903093814850, -0.525342583656311
-0.056227710098028, 1.011479616165161, 0.710205912590027, -0.371533989906311, 1.261666893959045, -0.313341647386551, -0.585003674030304, 0.143100649118423, 0.097087204456329, 0.072745047509670, -1.252266526222229, 0.102525860071182, -0.561535298824310, -1.081342220306396, -0.754291832447052, -0.051593918353319
0.889709293842316, 0.218908265233040, -0.378310412168503, 0.865288615226746, -0.036130372434855, 0.793794333934784, -1.148672819137573, 0.561281383037567, 0.096844956278801, -0.264953851699829, -0.703012645244598, 1.017606496810913, -0.038898743689060, 0.682900905609131, -0.355106621980667, 1.221930980682373
0.970939517021179, -0.178129941225052, 0.477807253599167, -0.613361358642578, 0.262968152761459, -1.115841388702393, -0.216503351926804, 0.701987683773041, 0.906871736049652, 0.885455250740051, -0.393983721733093, 0.079888373613358, 1.267747044563293, 0.468193620443344, 0.516925096511841, 0.373525947332382
-0.001640675356612, 1.055893063545227, -0.705245256423950, 1.137126564979553, 0.490258812904358, 1.032156586647034, -0.131544828414917, 0.631188094615936, 0.320498615503311, 0.831234812736511, 0.036137107759714, -0.054015774279833, -0.660726845264435, -0.518192291259766, -1.065364003181458, -0.223087355494499
-1.046831488609314, 0.698544144630432, 0.603298842906952, 0.292518943548203, 0.778345942497253, -0.012225393205881, 0.718588590621948, -0.371963381767273, -0.333109766244888, 1.055115222930908, -0.010515238158405, 0.588227510452271, 0.217019245028496, 0.931539773941040, 0.299156576395035, 0.763885676860809
0.633325695991516, -0.216145649552345, 0.455969601869583, -0.001974984537810, -0.042817555367947, 1.233766555786133, 0.353191941976547, -0.222048044204712, -0.857321858406067, 0.766510784626007, 0.638651669025421, 0.216545715928078, -0.364830195903778, -0.710710585117340, 0.596425950527191, 0.832476496696472
-0.355595648288727, -0.404032081365585, 0.209864243865013, 0.092655152082443, -0.329047203063965, -0.309436589479446, 1.682146191596985, 1.110541462898254, -0.545204520225525, 0.480656266212463, -0.094343371689320, 0.833529889583588, -0.717329204082489, 0.537999629974365, 0.473562031984329, -0.676441431045532
-0.032346025109291, 0.369480580091476, 0.603139460086823, -0.314309746026993, 1.270687460899353, 0.117657855153084, 0.225337520241737, -0.799471795558929, -0.316736936569214, -0.312353432178497, -0.757698833942413, 1.670158624649048, -1.004831671714783, 0.534916579723358, -1.032478570938110, -0.200920164585114
-0.850781977176666, -0.637085139751434, -0.020432740449905, -0.620830833911896, -1.158781647682190, -0.587931752204895, -1.482531309127808, 0.067472554743290, -0.607022225856781, -0.944172620773315, 0.265135049819946, -0.022884191945195, 0.038996055722237, -0.052058596163988, 0.084845468401909, 0.786592960357666
-0.794518113136292, 0.226366251707077, -1.351515293121338, -0.806746780872345, 0.305747717618942, -1.484893918037415, 0.345437228679657, 0.660909175872803, 0.134265348315239, -0.139476522803307, -0.647422075271606, 0.680145084857941, 0.034081093966961, -0.598634898662567, 0.356681615114212, 0.582879900932312
0.896068096160889, 0.040266152471304, 0.146769464015961, 0.658451080322266, -1.320459008216858, 1.004346370697021, 0.479292631149292, -0.921088457107544, 1.401401519775391, -0.997400939464569, 0.169612050056458, -0.755989491939545, 1.002643465995789, -0.460670650005341, 0.390405178070068, -0.312685996294022
-0.371376931667328, -1.165074586868286, -1.113075256347656, -0.456447869539261, -0.059090163558722, 0.910305976867676, -0.426100254058838, -0.677770853042603, 0.580432653427124, 0.581038773059845, 0.032190542668104, -0.637153625488281, 2.080095052719116, 1.296073794364929, 0.495800197124481, -0.788502752780914
0.304530411958694, 0.756958127021790, 0.480058461427689, 0.382639855146408, -0.270045876502991, -0.533132731914520, -0.364657610654831, 0.225428625941277, 0.679493665695190, 0.558197498321533, 1.372521877288818, 1.557303667068481, -0.055322937667370, 0.426793307065964, -0.086677752435207, 0.326743215322495
0.150160506367683, -1.197217106819153, 0.805475354194641, 1.317865252494812, -1.160233497619629, 1.145111083984375, -0.681568384170532, -1.024403333663940, -0.180731564760208, -0.176414057612419, 0.324175238609314, 1.220241069793701, -0.276401698589325, 0.619801044464111, -0.490904659032822, 0.213142618536949
-0.852400660514832, -0.212985500693321, 0.787117600440979, -0.372319996356964, -0.172546535730362, 0.117094606161118, 0.017451759427786, -1.021164059638977, 0.153774589300156, -0.177392423152924, 0.597322165966034, 0.444389998912811, 0.535373032093048, -0.087724730372429, -1.044623732566833, -0.316929370164871
-0.984025418758392, -0.944668829441071, -0.998515784740448, 0.800235509872437, -0.095850288867950, 0.426517903804779, -0.374114185571671, 0.202306807041168, 0.123810730874538, 0.163260221481323, 0.818014025688171, 0.419268637895584, -0.912559211254120, 0.688477396965027, 0.729285240173340, 0.513060688972473
-1.101788997650146, -0.035275142639875, 0.580054342746735, 0.090108640491962, -0.860793173313141, -0.748257160186768, -0.516444504261017, -0.645398974418640, -0.057139422744513, -0.001867903396487, -0.660670459270477, 0.607043445110321, -1.036699891090393, -0.461653113365173, 0.726713359355927, 0.787738025188446
-0.968307673931122, 0.142760753631592, -0.647810757160187, 0.730508267879486, 0.341962337493896, 0.821331620216370, -0.349142789840698, -0.203642740845680, -0.091289296746254, -0.873100876808167, -0.705635547637939, 0.402021199464798, 0.110467314720154, 0.458564132452011, 1.135456919670105, -0.458970159292221
0.292088419198990, 0.874792635440826, 0.818393707275391, 0.256132483482361, -1.342783331871033, -0.377980321645737, -1.376799821853638, -0.525697171688080, 0.434725880622864, 0.720061063766479, -0.303563117980957, 0.326776921749115, 1.088313460350037, -1.287150979042053, -0.672824621200562, -0.170360192656517
-0.484631001949310, -0.834133505821228, 0.084321074187756, -0.914912998676300, 0.141794785857201, -1.751949191093445, 0.378247410058975, -0.508693099021912, -0.401745229959488, -0.844751775264740, 0.723891258239746, 1.030878305435181, -0.020410751923919, -0.695700645446777, -1.299928545951843, -0.380448400974274
-1.263688445091248, -0.372361123561859, -0.780475497245789, 0.606721460819244, 1.661648154258728, -0.279551565647125, -1.299659729003906, 0.189633235335350, -0.139977231621742, 0.708871245384216, -0.228433579206467, -1.088468670845032, -0.810549736022949, -0.474109947681427, 0.779783010482788, 0.434607118368149
-0.067089848220348, -0.952507615089417, 0.943619668483734, -0.033385917544365, -1.136406064033508, 0.806468248367310, -0.313581287860870, 0.104670822620392, 1.454761981964111, 0.046727146953344, 0.265095740556717, -0.594913005828857, 0.670137047767639, -0.596437931060791, 0.400283515453339, 0.660425245761871
-0.037900961935520, -0.089359559118748, -0.442880153656006, -0.441923379898071, 0.549168229103088, 0.057213895022869, 0.333055675029755, 0.084604196250439, 1.564499020576477, 0.169066727161407, 0.173943504691124, 1.054164409637451, 0.794736146926880, 0.644526183605194, -1.941123247146606, -0.665659785270691
0.097255326807499, -0.519211411476135, 0.587672770023346, -0.552104294300079, 0.630548417568207, -0.793674468994141, 0.826765775680542, 1.059526681900024, -0.102695897221565, 0.621743679046631, -0.061798360198736, 0.737011313438416, -0.073329262435436, 0.195121601223946, 0.001366914832033, -0.338508278131485
0.625141263008118, -0.225157618522644, -1.005252122879028, -0.737262368202209, -0.409482568502426, -0.711888968944550, 0.820112407207489, -1.255197525024414, 0.009819922968745, 0.685569763183594, 1.007056832313538, 0.815755903720856, -1.183683633804321, 0.748408079147339, -0.494332760572433, -0.318790823221207
0.282106548547745, -1.160936236381531, -0.725402474403381, 0.936536073684692, -0.332303017377853, 0.272649407386780, 1.160590171813965, 0.732957780361176, 0.477376371622086, -0.813010752201080, -0.463370531797409, 1.596356987953186, -0.532215893268585, 0.250660479068756, -0.374441444873810, 0.263021916151047
-0.374384552240372, -2.176342487335205, 0.515371501445770, 0.754728615283966, -0.615541398525238, -0.143573954701424, 0.363343447446823, 0.627064347267151, 0.553170859813690, -0.200766682624817, 0.221890613436699, 0.313527882099152, -0.381776541471481, -0.078104272484779, 0.516077756881714, 0.565948665142059
0.336462557315826, 0.350939363241196, 0.224642992019653, -0.084446482360363, -0.145771265029907, -0.232473343610764, 1.285116314888000, -0.135531470179558, 1.010004639625549, -0.171290203928947, 0.955771028995514, -0.711539804935455, 0.492768377065659, -0.815657734870911, 0.363013535737991, -0.338928639888763
-0.056329555809498, -0.240546241402626, -0.766431093215942, 0.164527341723442, -0.288790315389633, -1.090191960334778, -0.461442351341248, 0.507063746452332, 0.816937744617462, 1.244194507598877, -0.863532721996307, -0.682058393955231, -0.246159240603447, -0.664189994335175, -0.140209689736366, -0.072643369436264
0.613787472248077, 0.793379902839661, 0.821582853794098, -0.486965835094452, -0.694657385349274, -0.451115429401398, 0.738873064517975, 0.477814078330994, -0.407197833061218, -0.955449819564819, 0.130572333931923, -0.142939180135727, -0.394715040922165, -0.500586450099945, 0.066498212516308, -1.126130938529968
-1.161906957626343, 0.355427861213684, 0.371197849512100, 0.838262736797333, -0.476086169481277, -0.767076849937439, -1.500008702278137, 0.568227350711823, 0.254078179597855, 0.887594223022461, 0.250406146049500, 0.740994870662689, 0.039645735174417, 0.569715797901154, 0.128624290227890, -1.742742419242859
-0.516828298568726, 0.158056408166885, 0.510302603244781, -1.020329952239990, -0.772100389003754, -0.538726747035980, 0.412996053695679, -0.973189711570740, 0.761482417583466, -0.880733847618103, 0.588932275772095, -0.176898762583733, 0.487837433815002, 0.515041172504425, 0.192102938890457, 0.348262101411819
1.167239427566528, 0.558211207389832, 1.390421986579895, -0.204863920807838, 0.063908785581589, -0.684890449047089, 0.169478893280029, -1.475354552268982, 0.193847134709358, -0.180748641490936, -0.581944048404694, -0.479562520980835, 0.384006500244141, -1.013509392738342, 0.619553744792938, 1.410394668579102
0.509905517101288, 0.226270973682404, 0.125189691781998, -1.642893314361572, 0.878465831279755, 0.271982669830322, -0.672398209571838, -0.590658009052277, 0.942855715751648, -0.456514567136765, -0.715995073318481, 0.938223659992218, 1.236993432044983, 0.220113188028336, 0.035839919000864, -0.215423434972763
0.881893932819366, -0.168543159961700, -0.716975867748260, -1.125075459480286, -0.346015751361847, -0.642808496952057, -1.011725902557373, -0.539083361625671, -0.868172347545624, 0.596513032913208, -1.152719974517822, 0.642343580722809, -0.037050373852253, -0.360931217670441, 0.243296980857849, 0.087804190814495
0.979905068874359, -0.678665399551392, 0.545233786106110, -0.051397513598204, -0.424742072820663, -1.124273300170898, -0.201761230826378, -0.620974302291870, -0.225326701998711, 1.273960947990417, -0.070406332612038, 0.743630290031433, -0.456105440855026, 0.129807978868484, 0.007834235206246, -0.315404772758484
-0.552483141422272, 1.493330717086792, -0.850656032562256, 1.830202698707581, -0.342305690050125, 0.434280335903168, 0.186950683593750, -0.436287999153137, -0.792412936687469, -0.085278637707233, -0.549844861030579, -0.131271526217461, 0.485163837671280, -0.752848267555237, 0.386451393365860, 0.977516174316406
-0.804245114326477, 1.239142537117004, -0.326447308063507, 0.156045898795128, -0.480252206325531, 0.629899501800537, -0.649469137191772, 0.396155655384064, 1.242415547370911, 0.401424348354340, -0.280280113220215, 1.032161474227905, 0.012692787684500, -1.228193879127502, 0.055460084229708, -0.128323778510094
0.974179387092590, 0.204908162355423, -1.704782485961914, -0.966303467750549, -1.215633869171143, 0.166968554258347, 0.748160362243652, 0.613386452198029, -1.663715362548828, 0.943507552146912, -0.667022049427032, 0.313172429800034, 0.281742006540298, -0.088539585471153, 0.125080004334450, 0.003908293321729
0.533727109432220, 0.534139692783356, 1.611160874366760, 0.164240211248398, -0.204623028635979, -0.459514826536179, -0.082326076924801, 0.210427328944206, 0.363835185766220, -0.851027369499207, -0.095480464398861, 0.118724070489407, -0.161372959613800, 0.683456122875214, -0.124413371086121, -0.418996483087540
0.537319600582123, 0.134456783533096, -0.290896266698837, 0.549643814563751, 0.929925322532654, 0.103758826851845, 0.178928896784782, 0.015855235978961, 0.149020239710808, 1.832571268081665, 0.394494086503983, -1.394174814224243, -1.162510514259338, 0.312531769275665, -0.479447901248932, 0.878068029880524
-0.441431790590286, -0.803953945636749, -1.119186639785767, -0.234897717833519, -0.422655910253525, 1.105677723884583, 0.997063457965851, -0.625928401947021, 1.060044407844543, -0.176699370145798, -0.140542507171631, -0.202822387218475, 0.402675330638885, -1.335159540176392, -0.896103143692017, 0.125955253839493
-1.233372807502747, 0.446700960397720, -0.780256390571594, 0.391552299261093, -0.165494009852409, 0.717914640903473, 0.067069731652737, 0.619457662105560, 0.133675679564476, 0.993239462375641, 0.356807142496109, 0.248810112476349, 0.132503464818001, 0.364482015371323, -0.868044495582581, 1.011523485183716
-0.912104964256287, -1.031159043312073, 0.247027739882469, -0.250858485698700, 0.378313392400742, 0.164087876677513, -0.123364903032780, 0.292214483022690, 1.320750594139099, -0.368667006492615, -0.227531015872955, -0.852872014045715, -1.404872179031372, 0.003679812652990, 1.186186552047729, 0.053176004439592
-0.341103971004486, -0.313677489757538, -0.427022367715836, -0.541579604148865, -1.194012999534607, 0.211006268858910, 0.055387888103724, 0.268953651189804, 0.185357496142387, 0.327095091342926, -0.928201436996460, -0.067502290010452, -0.888705313205719, 0.366783082485199, -0.949891030788422, 0.077441863715649
0.117723137140274, -0.450367212295532, 0.389191180467606, 1.287768483161926, -0.049021065235138, 0.470645457506180, 0.143407195806503, 0.427382260560989, -0.681979954242706, -0.112457990646362, 0.845264554023743, -0.958288550376892, 0.183771207928658, 0.481243580579758, 0.035975813865662, -1.338083863258362
-0.923206150531769, -0.446783572435379, -0.124326273798943, -0.348319262266159, 0.180826023221016, -0.851794898509979, 0.544947743415833, 0.105700463056564, -0.488083928823471, 0.359638869762421, 0.037916824221611, -0.294863939285278, 0.258539497852325, 0.221997007727623, 1.242084145545959, 0.386212497949600
-0.321603178977966, -0.118880741298199, -0.163268938660622, 0.213041692972183, 0.285903453826904, 0.502226293087006, 0.822016000747681, 0.064725279808044, -0.376917779445648, 0.586050748825073, -1.052567601203918, -0.501005828380585, 0.764410555362701, 1.546362876892090, -0.009342624805868, 0.233239844441414
-0.694843888282776, 0.651695251464844, 0.929340124130249, 0.156928375363350, -0.774460792541504, -0.489041060209274, 0.776922762393951, 0.558014869689941, -0.207682117819786, -0.429199278354645, -0.142788574099541, 0.980898559093475, 0.906072318553925, -1.293446421623230, 0.497332811355591, 0.066270373761654
0.027255419641733, 1.125042796134949, 0.318294912576675, 0.400718063116074, -0.471890389919281, -0.657671332359314, 1.253914117813110, 1.001503467559814, 0.248247638344765, 0.861910521984100, 0.019007302820683, 0.588941991329193, 1.268498778343201, 0.079640552401543, -0.807150244712830, 0.861734807491302
0.405811399221420, 1.015362501144409, -0.908861279487610, -0.390132367610931, 1.052450180053711, -0.678217411041260, 1.486225843429565, -0.306857794523239, -0.737639605998993, -1.113781213760376, -0.221965938806534, -0.755670249462128, -0.125695481896400, -0.675575673580170, 0.649210453033447, 0.971307575702667
0.730580747127533, -1.200557827949524, 0.182103395462036, 0.559154391288757, 1.087095379829407, -0.958831012248993, 0.226242482662201, -0.146555811166763, -0.759663462638855, 0.443834811449051, 0.956722617149353, 0.867610275745392, -0.257640153169632, 0.071415729820728, 1.199942946434021, -0.293696254491806
-0.310513079166412, 0.223199531435966, -0.364982396364212, 0.564151465892792, 0.516338586807251, 0.493692994117737, 1.276933431625366, 0.879062414169312, 1.000263929367065, 0.101262189447880, 0.024442307651043, 0.451462000608444, -0.478482961654663, 1.011529922485352, 0.235501766204834, 0.196005851030350
0.633324563503265, 0.607763767242432, 0.458683192729950, 0.591630578041077, 0.526817679405212, 1.396597981452942, -0.725232720375061, -0.641049385070801, -0.112830162048340, 0.400748282670975, -0.010431446135044, -0.378011912107468, -1.135032773017883, -0.168145611882210, -1.113540172576904, -0.271303534507751
-0.746093630790710, 1.198152899742126, 0.237241655588150, 0.319477409124374, -0.415360391139984, 0.784188866615295, -0.320589303970337, 1.247407197952271, 0.617177367210388, 0.053037337958813, 0.927300631999969, -0.105531767010689, 0.831834375858307, 0.445221543312073, 0.060029737651348, 0.488332092761993
0.374562829732895, -0.009836317971349, -0.554683685302734, -1.591948270797729, -0.641954064369202, 0.656974375247955, 0.643387913703918, -0.565853774547577, -0.179223567247391, -0.040246125310659, -1.553638458251953, 0.377079457044601, 0.498421013355255, 0.235242709517479, 0.511576712131500, 0.414317548274994
-0.235386088490486, 0.613574504852295, 0.931696474552155, 1.102700710296631, -0.572946667671204, -0.625070095062256, -0.806984305381775, 0.279734879732132, 0.693696796894073, -0.808695137500763, 0.328336000442505, 0.046057716012001, 0.839854717254639, 1.572332382202148, 0.329869270324707, 1.179418563842773
-0.583808481693268, -0.038226261734962, -1.020182967185974, 0.069562628865242, 0.817814409732819, 0.616993010044098, 0.362997561693192, -1.148331880569458, -0.382285147905350, -1.052843093872070, 0.697092056274414, -0.600681245326996, -0.093499071896076, -0.753806412220001, 0.173286810517311, 0.924097776412964
0.116150386631489, -1.289988994598389, 1.166734457015991, 0.405889421701431, -0.072720959782600, -0.949631035327911, 0.484896332025528, 0.230643093585968, 0.019069178029895, 0.486899882555008, -0.496243625879288, -0.270845323801041, 0.306076467037201, 0.315290004014969, 0.057384945452213, 0.721416890621185
-1.088922381401062, -0.541043758392334, 0.341307103633881, -0.067559890449047, -0.019952457398176, 0.391201049089432, 0.284112662076950, -1.386904001235962, 0.732509195804596, 1.249946355819702, 0.042472321540117, -0.255343258380890, -1.334565877914429, -0.149707779288292, 0.339417219161987, 0.448121160268784
0.581039667129517, -0.108815491199493, 0.113876126706600, 0.294028103351593, 0.748728632926941, 1.157305955886841, -0.156024798750877, 1.031305789947510, 0.722701013088226, -0.458686560392380, -0.237379238009453, -0.907804012298584, 0.243935272097588, -0.077605985105038, -0.117885820567608, 0.360598325729370
-0.774915695190430, 0.238088250160217, -0.797384500503540, 0.708402931690216, 0.720713078975677, -1.300772190093994, -0.827591776847839, -0.837270081043243, -0.268092066049576, -0.572988629341125, 0.064702436327934, 0.313449025154114, 0.865968286991119, -0.625916719436646, -0.039696771651506, -0.041018433868885
-0.351902306079865, -0.944678723812103, 0.609275043010712, 0.577300012111664, -0.420126855373383, 0.602145791053772, -0.279721140861511, 0.765754640102386, 0.534006297588348, -0.589333057403564, 0.391252934932709, 0.719204604625702, -0.222030311822891, -0.506113946437836, 0.873362600803375, -1.463595867156982
-1.353923082351685, -1.068334937095642, 0.581181645393372, 0.616036653518677, 0.783336341381073, -0.089471571147442, 0.573522925376892, -0.221061378717422, -0.087375916540623, -1.212633967399597, 0.315728366374969, 0.921063184738159, 0.964754819869995, -0.692858159542084, 0.595959007740021, -1.199798107147217
0.267966955900192, -0.526892960071564, -0.430880337953568, -0.100606732070446, -0.559929728507996, 0.763924658298492, -1.135219693183899, 0.433707386255264, 0.565642356872559, -1.182000637054443, -0.858624339103699, 0.839366197586060, 0.158137321472168, -0.516390502452850, 0.090277016162872, 0.398451626300812
0.407173424959183, -0.194000631570816, -0.084320232272148, 0.923251330852509, 0.159991681575775, -0.580752372741699, 0.167679861187935, -0.397132009267807, -0.454138994216919, -0.634203791618347, -1.268837451934814, 0.280727505683899, 0.258971393108368, -0.976548612117767, 0.210175111889839, -0.984221458435059
0.449680536985397, 0.556375563144684, -1.141104578971863, 0.665086328983307, 0.334328562021255, -0.856015205383301, -0.754303395748138, -0.376574188470840, 0.636800587177277, 0.712886452674866, 1.146063327789307, -1.366520881652832, 1.087655782699585, 0.289933711290359, -0.533511042594910, -0.828184843063354
0.360173761844635, -0.963794946670532, -0.935914993286133, -0.385094314813614, -1.345716476440430, -1.099109649658203, -1.066079854965210, -0.005593460984528, 0.077708624303341, -0.179261580109596, 0.356397420167923, -1.112492322921753, -0.968658864498138, 0.005934222135693, -0.493760108947754, 0.249196156859398
0.127991676330566, -1.873743772506714, -0.050107955932617, 0.608905553817749, 1.337350726127625, 0.787851870059967, 0.156799331307411, -0.602251291275024, 0.778012156486511, -1.124475836753845, 0.550845563411713, -0.323863863945007, 0.116913698613644, -1.031594157218933, -0.650478720664978, 0.022774573415518
-0.570999503135681, -0.401641786098480, -1.087761759757996, -0.621746718883514, 0.077474646270275, 0.602045297622681, 0.571411907672882, 0.346015363931656, 0.610719680786133, 0.462150335311890, 0.753843247890472, -0.540417850017548, 0.013388187624514, 1.571025252342224, 0.638351202011108, -0.724607408046722
0.329196989536285, 0.135712340474129, 0.397768050432205, 0.090198010206223, -0.299052298069000, -0.230123177170753, 0.379783213138580, -0.436060637235641, 1.616680979728699, -0.370794087648392, 0.700955986976624, -0.169210076332092, 0.331883132457733, -1.242233157157898, 0.476906239986420, 0.202495858073235
0.630334556102753, 0.718309640884399, -0.696455776691437, 0.069999694824219, -1.208355665206909, 0.444479882717133, 0.540309309959412, -0.024420727044344, 0.187798440456390, -0.070389486849308, -0.540681242942810, -1.253056287765503, 0.151917546987534, -0.200795546174049, 1.386284589767456, -0.593787074089050
0.930978894233704, -0.678828001022339, 0.932379782199860, -1.210324048995972, 0.777716934680939, 0.074782580137253, -0.571684360504150, -0.299618870019913, -0.211321875452995, 0.361531049013138, 0.543602526187897, 0.527294218540192, -0.421867638826370, -1.084713697433472, 0.051005288958549, 1.617727041244507
0.458252638578415, 0.283010452985764, 0.659317553043365, 0.035113800317049, -0.345123648643494, 0.008803355507553, -0.047090932726860, 0.515980958938599, 0.710637092590332, -1.266399860382080, 0.332528054714203, -0.221651211380959, -1.099354743957520, 0.671497166156769, -0.674095451831818, 0.204027980566025
-0.692984461784363, 0.224891975522041, 0.531080305576324, 1.255528688430786, 0.052401788532734, 0.154986947774887, -1.017451524734497, -0.931850314140320, -0.881346821784973, 0.107719711959362, -0.546623885631561, 0.499969333410263, 0.969379127025604, 0.381524592638016, 0.742832660675049, -1.283730983734131
0.639415979385376, 0.307965964078903, -1.371617555618286, 0.188457205891609, 0.418872326612473, 0.182820692658424, 0.941774308681488, 0.522134125232697, 0.293061345815659, 1.566000699996948, 0.009821396321058, -0.724687695503235, -0.071394480764866, 0.060868483036757, -0.092435322701931, 0.225899636745453
0.073735430836678, -0.143933326005936, -1.047151207923889, 0.453624725341797, 0.864109516143799, -0.607679069042206, -0.222741678357124, 0.395642310380936, 0.360870391130447, -1.419938087463379, -0.805832386016846, 0.098434641957283, 0.201756477355957, -0.318080842494965, -0.040373433381319, -1.417416810989380
0.546762168407440, -0.625549912452698, -0.156608998775482, -0.630358099937439, 0.401616632938385, 0.376664519309998, -0.918742299079895, 1.103084683418274, 0.918694555759430, 0.256198376417160, 1.540077686309814, -0.075491428375244, -0.882082641124725, -0.449909299612045, -0.361346036195755, -0.130091339349747
-1.083292007446289, -0.884428799152374, -0.074585944414139, 0.675402581691742, -0.425818353891373, 0.837708353996277, -0.268143981695175, 0.869127750396729, -0.752337276935577, -0.535661995410919, -1.010864853858948, 0.424903750419617, -0.028186464682221, 0.163335174322128, -1.761680960655212, -0.424504250288010
0.284602791070938, -0.604002118110657, 1.189482927322388, -0.050931736826897, 0.273239403963089, 0.445771962404251, 1.443629622459412, 0.248827919363976, -0.675394713878632, -1.031576395034790, 0.765207648277283, -0.792992055416107, 0.451643079519272, 0.279271841049194, 0.037201661616564, 0.140252605080605
0.336800605058670, 0.811220943927765, 0.010405203327537, -0.952222108840942, -0.554555237293243, -0.429786145687103, -0.275015443563461, 0.693330645561218, -0.349792629480362, 0.320960909128189, -0.815719008445740, -0.697510838508606, 0.884770810604095, 0.600168704986572, 1.019687294960022, -0.211276546120644
-0.703338503837585, 1.121961832046509, 0.458991020917892, -0.136847004294395, 0.866917848587036, 1.228695154190063, -0.106945939362049, 1.816027164459229, 0.158926069736481, 0.386973708868027, 0.440702617168427, 0.576696097850800, -0.105549491941929, -0.957124650478363, 0.469216674566269, 0.304022997617722
0.542115271091461, 0.624250411987305, 0.385919481515884, -0.138651669025421, 0.337053894996643, -1.289195775985718, -0.298295617103577, -0.531478822231293, 1.729473352432251, 0.081264242529869, -0.380778700113297, 0.934675812721252, -0.967032253742218, 0.081811174750328, 0.690771758556366, -0.266372293233871
0.790984690189362, 0.000310705305310, 0.220493495464325, -0.507414460182190, -0.614704906940460, -0.095838680863380, -1.054172039031982, 0.126775950193405, 0.838109433650970, -0.198866650462151, -1.956724762916565, 1.458231925964355, -0.620044529438019, 0.816346287727356, -0.130871325731277, -0.001050575636327
0.564637720584869, 0.732081711292267, -1.740496397018433, -0.143793106079102, 0.447019577026367, 0.638718485832214, 0.515030384063721, 0.146972909569740, 1.019397020339966, -1.053918838500977, -0.964084088802338, -0.505011379718781, -0.066195540130138, 0.080503858625889, 0.097233511507511, -0.642664313316345
0.396042376756668, -0.122360326349735, 1.035727143287659, 0.466645717620850, 0.104909233748913, 1.309271454811096, 0.189329281449318, -0.784192085266113, 1.434013128280640, -0.478981047868729, -1.676737666130066, -0.589942157268524, -1.141085982322693, 0.968101501464844, -0.381610989570618, 0.440067350864410
0.651449859142303, 0.388860642910004, -0.225677728652954, -0.032357767224312, 0.971028625965118, 1.239372134208679, 0.504662156105042, -0.545007586479187, 0.276586383581161, 0.807738006114960, -0.467545896768570, -0.678733050823212, -0.348754256963730, 0.751040577888489, 0.847799599170685, -0.853073000907898
0.904943525791168, 0.484561353921890, -0.490940988063812, -0.601590931415558, -0.561650693416595, 1.223359227180481, -0.041044674813747, -0.388091653585434, 0.899620354175568, 0.399833947420120, 0.409883469343185, 0.335768908262253, -0.133610457181931, 0.046406056731939, 0.667652845382690, -0.006757021415979
-0.820150554180145, 1.066067218780518, 0.161694973707199, -0.431280910968781, -0.913942515850067, 0.310304522514343, 0.936191737651825, -0.201205596327782, -0.877559602260590, -0.306371241807938, 0.462294518947601, 0.395654648542404, -0.253461807966232, 0.238714113831520, -0.156302332878113, 0.747790813446045
0.912751436233521, -0.391579926013947, -1.114203453063965, 0.247605696320534, 0.417404025793076, -0.834684491157532, -0.569255828857422, 0.725172698497772, -0.854409098625183, -0.481669634580612, 0.164031103253365, -0.194842994213104, -0.861103117465973, -0.367680281400681, -0.383456647396088, 1.219308018684387
-0.274407923221588, 0.036727193742990, 0.281700640916824, 0.028922820463777, 0.074506863951683, 0.049045525491238, 0.399364203214645, 0.461131900548935, 0.378103733062744, -1.121388554573059, -0.064351692795753, 0.080441258847713, -0.908970832824707, 1.077939748764038, 0.691012322902679, -0.024544317275286
1.242552399635315, -0.471118330955505, -0.002979299286380, -0.068309940397739, -0.677444040775299, 0.526641368865967, -0.647657990455627, -0.255879372358322, 0.666539132595062, -0.020315134897828, -0.741769313812256, 1.029805064201355, -0.199755892157555, -0.456669777631760, 0.390428543090820, -0.186585992574692
-0.630550146102905, -0.114007823169231, 0.818412423133850, -0.791968226432800, 0.151370987296104, -1.037999391555786, 0.075447738170624, -0.090946599841118, 0.686114132404327, -0.248268306255341, -0.425518572330475, -1.365782141685486, 0.871594667434692, 0.891368687152863, -1.270905971527100, 0.569394230842590
-0.987867176532745, -0.384210795164108, -0.429418772459030, -0.727710962295532, 0.834708631038666, -0.825478076934814, -0.331595063209534, 0.085333697497845, -0.029369615018368, 0.113630227744579, -0.837875604629517, -0.269598692655563, 0.975384712219238, -0.381191700696945, 0.230715185403824, -0.296167135238647
-0.154333174228668, -0.214261084794998, -0.570140540599823, -0.538592338562012, -1.653005242347717, -0.534586012363434, 0.802557706832886, 0.681240379810333, -1.228308200836182, -0.823224365711212, -0.095664441585541, -0.511791110038757, -0.011928400956094, 1.345598340034485, 0.403641700744629, -0.442280083894730
0.498870044946671, 0.860909283161163, -0.169438004493713, -0.079315021634102, -1.044400453567505, -1.258658885955811, -0.050226096063852, 0.216059863567352, 0.707891166210175, 0.406781792640686, -0.038471672683954, -0.150728881359100, -1.553859829902649, -0.275730311870575, 1.607359170913696, -0.163328692317009
0.418377250432968, 0.726068496704102, -0.956253409385681, -0.074340455234051, 0.535174250602722, -1.159222245216370, 0.665272176265717, -1.364775300025940, 0.414515525102615, -0.756369769573212, -1.065379023551941, -0.363764464855194, -0.426543802022934, 0.404242157936096, -0.234585195779800, 0.557472527027130
-0.167117759585381, 0.255860179662704, -0.897137463092804, -0.753005325794220, 0.014921995811164, 1.303770303726196, -0.151901081204414, 0.696320474147797, -0.645092487335205, -1.330378174781799, 0.020170303061604, 0.015725666657090, 0.576392769813538, -1.118751049041748, 1.290077328681946, 0.662857890129089
0.065989255905151, -0.865527868270874, 0.514814078807831, -0.163268744945526, 0.120430000126362, -0.694228172302246, 1.093805313110352, 0.499141514301300, 1.918790102005005, 0.432161211967468, -0.003976011183113, 0.418136507272720, 0.599720358848572, -0.712374091148376, 1.262027382850647, -0.900941669940948
-0.366517335176468, 1.138060688972473, -1.368497490882874, -0.075277857482433, -0.402179211378098, 0.004994473420084, -0.676610469818115, -0.417690485715866, 0.882096469402313, -0.767400562763214, -0.458493858575821, -0.922299325466156, -0.507538318634033, 0.044831164181232, 0.150435879826546, 0.217857703566551
0.131394311785698, 0.298989176750183, -0.715320825576782, 0.949559867382050, 1.295274019241333, -0.429502964019775, -0.615975141525269, 0.260426938533783, 0.442320942878723, -0.129100352525711, 0.202696114778519, 0.866565048694611, -0.137756675481796, 0.945628881454468, 0.903862476348877, 0.012900209054351
0.668342113494873, 0.106041789054871, -0.284196615219116, 1.137372136116028, -0.360120594501495, 0.597167313098907, 0.960888803005219, -0.684042751789093, -0.911722898483276, 0.270997673273087, -0.622963070869446, 0.931728780269623, 0.785458803176880, 0.320868194103241, 0.363956093788147, -0.214969381690025
0.561587393283844, 1.078164339065552, 0.926590025424957, -0.950090289115906, 1.091418147087097, 0.698091447353363, 0.903001606464386, -0.673861145973206, -0.930596292018890, -0.108016699552536, -0.719024538993835, 0.747686564922333, 0.259406983852386, 0.037596978247166, 0.308798700571060, 0.582718074321747
-1.189185380935669, -1.484574079513550, 0.151514098048210, 0.310435265302658, -0.139204412698746, 0.271452546119690, -0.495755493640900, 0.450808614492416, -1.801737189292908, 1.660907387733459, 0.275871157646179, -0.031849674880505, -0.286398649215698, -0.749862790107727, -0.612833440303802, 1.415222764015198
-1.191708564758301, 0.175839737057686, 0.739770054817200, 0.769453763961792, -0.198160007596016, -0.891833662986755, 1.216252207756042, 0.066121496260166, 0.328788787126541, 0.936373651027679, -1.121594548225403, -0.510416686534882, 0.597747564315796, 0.209819227457047, 0.144789978861809, -0.082624390721321
