0.122673176229000, -0.712149679660797, 1.365421652793884, 0.711227536201477, -0.146113395690918, -1.241212606430054, -0.444639503955841, -0.238862007856369, 0.622686386108398, -0.422062516212463, -0.199129402637482, -0.621354639530182, -0.570723414421082, -0.551415026187897, 1.077256679534912
0.572660684585571, 0.448382109403610, 1.043067455291748, -0.274207919836044, 0.015198810026050, -0.695199728012085, -0.823300242424011, 0.464139997959137, 0.624943494796753, 0.208603873848915, -0.178110361099243, -0.096561886370182, -0.547757387161255, 0.047872800379992, 1.060267090797424
1.454464673995972, 0.797340810298920, -0.761737346649170, 1.102558016777039, -0.801981806755066, 0.151694610714912, 0.232984617352486, 0.767000317573547, -0.017918700352311, 0.477287441492081, -0.066538833081722, -1.017457485198975, -0.440339028835297, -0.392811059951782, -0.196120470762253
-1.024096250534058, -0.085031814873219, 0.675827085971832, 1.019722819328308, -0.253580927848816, 0.892195403575897, 2.166005611419678, 0.656438469886780, -0.483277648687363, 0.181222349405289, 0.269209951162338, 0.536699414253235, -0.618136584758759, 1.057102799415588, -0.450491070747375
-0.034596819430590, 0.173142179846764, -0.499618142843246, -0.702263116836548, -0.393729984760284, 0.491383999586105, -0.353679001331329, -0.052900347858667, -1.049996137619019, 0.784125804901123, 0.225361138582230, -1.142088055610657, 1.223568558692932, -0.863732576370239, -1.153689622879028
-0.955114960670471, -1.770616173744202, -0.974750995635986, -0.914907336235046, 0.791122972965240, 1.009249567985535, 0.272600531578064, 0.724346280097961, 1.714563608169556, 0.090656615793705, 0.393996775150299, 0.525322496891022, 0.059461221098900, -0.169662088155746, 0.650231063365936
0.748631775379181, -0.188269779086113, 0.786515533924103, -0.219377294182777, 0.537890195846558, -1.550480604171753, 0.619395732879639, 0.036839488893747, 0.643001258373260, 0.031146159395576, -0.504411756992340, 0.881745219230652, 0.798103928565979, -0.457857370376587, 0.643611490726471
-0.715984106063843, -1.122784733772278, -0.398189932107925, -0.434393525123596, -0.289841651916504, 0.968983054161072, -0.277934014797211, 0.555245161056519, -0.457675963640213, 1.150668382644653, 0.849820673465729, 0.057127047330141, 1.836979031562805, 0.130089685320854, 0.501460492610931
0.494893908500671, 0.192022666335106, 0.646901547908783, -0.064238175749779, -0.973662614822388, -0.102465189993382, -0.202065199613571, 1.030409216880798, -0.289299666881561, -0.139489009976387, 1.384269714355469, -0.310840547084808, -0.911064803600311, -0.197010621428490, 1.022629857063293
1.011779069900513, -0.558884322643280, 1.604378700256348, -0.453514158725739, 0.335970908403397, 0.037101656198502, -0.121790207922459, 0.445060163736343, 0.219301849603653, 0.912049829959869, -0.959665119647980, 1.246874451637268, 0.432143747806549, 0.069881625473499, -0.507789909839630
-0.222568705677986, -0.616549730300903, 0.616804540157318, -0.234206184744835, -0.517676651477814, 0.634017527103424, -0.450668692588806, 0.451468139886856, 1.263140201568604, 0.025795431807637, -0.272300302982330, 2.303000211715698, 0.215397700667381, 0.822967112064362, -0.682075262069702
0.420427054166794, 0.106269508600235, -0.751594543457031, -0.315457433462143, 0.858978927135468, -0.764998376369476, -0.181763499975204, -0.707762122154236, 1.278382778167725, 1.104390740394592, 1.206651210784912, -0.920599222183228, -0.291757434606552, 0.107339046895504, 1.180460810661316
0.784992396831512, 0.451062887907028, -0.513769745826721, 1.104027152061462, -0.545477330684662, 0.912496864795685, 0.344936966896057, -0.246972993016243, -0.166139185428619, -1.246978402137756, -0.748636066913605, 0.495845913887024, 0.773885607719421, 0.424425035715103, -0.403545707464218
-0.138902515172958, -0.303124129772186, -0.908171772956848, -0.276072084903717, -0.437179565429688, -0.280511885881424, -0.552182435989380, 0.563553929328918, -0.182683542370796, -0.652406334877014, 0.041507225483656, 0.592954695224762, -0.416761666536331, -0.099365599453449, 1.146955847740173
0.102618671953678, 0.043164592236280, -0.058871753513813, 1.065558791160583, 0.843228280544281, -0.919115900993347, 0.964941143989563, 0.156194925308228, 0.043502833694220, -0.196189746260643, 1.222045421600342, -0.370781838893890, 1.194070219993591, 1.544294595718384, -1.580775618553162
0.417578369379044, -0.232655569911003, 1.763071417808533, -0.461113363504410, 0.709364235401154, -0.235712051391602, -0.241213545203209, -0.670015394687653, 0.448087096214294, -1.158448457717896, 0.428588420152664, -1.096308708190918, 0.620670378208160, 0.300813674926758, -0.535785496234894
1.143831372261047, 0.594012260437012, 0.253717780113220, 0.625365793704987, 0.818243145942688, 1.013992428779602, -0.214580029249191, -0.857953906059265, -0.046133086085320, 0.468697041273117, 0.244063764810562, 0.447450518608093, -0.920404970645905, 0.072828702628613, -0.299858808517456
0.042982704937458, 1.322415947914124, -0.560602307319641, 0.931075394153595, 0.145882979035378, 0.002355264732614, -0.756074547767639, -0.400419592857361, 0.872492551803589, -1.223487019538879, 1.104308009147644, 0.124394252896309, 0.701540470123291, -0.179514542222023, 0.065602637827396
-1.089390754699707, 0.251791000366211, -1.232624530792236, -0.174520149827003, -0.285539746284485, -0.302896022796631, 0.075988329946995, -0.826995968818665, -1.089133739471436, -0.879431128501892, 0.341766208410263, -0.090264484286308, -0.990315794944763, 0.518638432025909, 0.234581649303436
-0.291907370090485, -0.489719092845917, -1.184871673583984, -0.345610737800598, 0.946324169635773, 0.585119128227234, 0.284106761217117, -0.506645262241364, -0.693173766136169, -0.225456297397614, -0.217221707105637, -0.835204958915710, 0.646238625049591, 0.464838713407516, 0.255911201238632
-0.608042597770691, -1.274650335311890, 0.926985383033752, 1.288771271705627, 0.160310044884682, 0.799238681793213, -0.019945159554482, -0.849269092082977, -0.732821166515350, -0.050643272697926, 0.438587605953217, -0.487347334623337, -0.467818677425385, -0.109265618026257, -0.075751297175884
0.813968360424042, -0.361608743667603, 0.077889181673527, 0.926997005939484, 0.338101029396057, -0.338385164737701, -0.605593323707581, -0.661142885684967, 0.853064537048340, 0.138562455773354, -0.659650385379791, -0.350737512111664, 0.700126945972443, -0.889166712760925, -0.362764060497284
-0.025916052982211, -0.674077391624451, -0.575162649154663, 0.303645581007004, 0.817021906375885, -0.454733014106750, -1.112556576728821, -0.117619231343269, 0.483884304761887, -0.171419292688370, 0.291050493717194, -0.657380104064941, 0.094230964779854, -0.766047716140747, 0.160584047436714
0.415493130683899, -0.784482300281525, 1.419157862663269, -0.673462152481079, -0.319665670394897, -0.061443705111742, -0.344886243343353, -0.055344514548779, -0.549555540084839, -0.469552338123322, -0.768076241016388, -0.265456825494766, 1.090953588485718, 0.558550953865051, -0.098279461264610
-0.576793789863586, -0.375883668661118, -0.114680327475071, 0.348192274570465, -0.505511581897736, -0.676096558570862, -0.485303938388824, 0.407108098268509, 0.422598212957382, -0.628086984157562, 1.791070461273193, 1.098076462745667, -0.649340867996216, 0.301403433084488, -1.400024652481079
0.464363008737564, 0.441667228937149, 0.087191753089428, -0.809714317321777, -0.845893025398254, -0.433364033699036, 1.475709915161133, -0.319210171699524, 0.516786217689514, 0.183387011289597, -0.377703458070755, 0.223384022712708, 0.783303201198578, 0.497372269630432, 0.049044970422983
-0.479993849992752, 0.857913076877594, 0.855274200439453, 0.774731218814850, -1.173441529273987, 0.014463205821812, -0.312636643648148, -1.178389787673950, -0.044017136096954, 1.112409114837646, 1.163429021835327, -0.620200932025909, 0.671848356723785, -0.032393380999565, 0.902078449726105
-0.238726973533630, -0.187100812792778, 0.537524759769440, 1.368149638175964, 0.911143183708191, 1.064483404159546, 0.407703727483749, -0.061344560235739, 0.364555925130844, -0.451670140028000, 0.867924809455872, -0.738276302814484, 0.940210342407227, 0.717356026172638, 0.115767888724804
0.648091733455658, -0.197239428758621, 0.836318969726562, 0.131369501352310, 0.836572706699371, 0.858215093612671, -1.359511017799377, 0.989475309848785, -1.253454923629761, -0.863115072250366, 1.109346151351929, 0.758585572242737, -1.726009845733643, 0.440843433141708, 0.330089062452316
-0.093839481472969, -0.940645694732666, -1.635419368743896, -0.861180901527405, -0.212737843394279, 0.116060741245747, -0.946984648704529, -0.146411091089249, -0.799815475940704, 0.934998571872711, -0.453520089387894, -0.101779937744141, -0.494982719421387, 0.219461858272552, -0.396298319101334
-0.227192193269730, -0.201741993427277, 0.215337529778481, 0.432841509580612, -1.570688009262085, 0.537215590476990, 0.722200632095337, 0.925729751586914, 0.839882671833038, 0.909256041049957, -1.805284976959229, 1.356235146522522, 0.073993004858494, 0.382216066122055, 0.335207730531693
0.938370168209076, 1.171701192855835, -0.054705183953047, 0.623355150222778, -0.647094249725342, -0.234517872333527, 0.195439264178276, -1.477195262908936, 0.014650405384600, 0.389527082443237, -0.877509653568268, -0.345701336860657, -1.406272172927856, 1.131761193275452, -0.012224981561303
0.630475401878357, 0.575047969818115, -0.594134092330933, 0.198765963315964, 0.122689716517925, -0.392996221780777, -0.800316274166107, -0.804764449596405, 1.575401425361633, -0.534964919090271, -0.474739491939545, -1.471399903297424, 0.543788790702820, 0.464985400438309, 0.776074051856995
-0.461746513843536, 0.687005579471588, 0.111712932586670, -1.405916213989258, -0.685238957405090, 1.033937096595764, -0.608938694000244, 0.401708126068115, 0.819599807262421, 0.757690370082855, 0.024166822433472, -0.257387429475784, -0.157585427165031, -1.023251295089722, -0.371801972389221
0.073031738400459, 0.333861976861954, 0.309252738952637, -1.333267927169800, 0.786165118217468, -0.216681852936745, 0.069103255867958, 0.385307282209396, 0.466061234474182, 0.164518833160400, -0.340483009815216, -1.089285969734192, -0.124346725642681, 0.777380168437958, 0.018897755071521
-1.364143252372742, -0.526760935783386, 0.625373661518097, -0.011511912569404, 1.400985598564148, -0.838266253471375, -0.132563978433609, -0.286690801382065, 0.443873107433319, 0.556842088699341, -0.353500157594681, -0.684545636177063, -0.762352705001831, -0.046812038868666, 0.389853179454803
-0.632510662078857, 0.404559284448624, -0.275151610374451, -0.790217399597168, 0.735443592071533, -0.084326326847076, -0.470062762498856, -1.087595701217651, -0.169747531414032, 0.258675128221512, 1.203315496444702, 1.174787998199463, -0.207426548004150, -0.287251144647598, -0.837397396564484
-0.209699228405952, -0.074710547924042, -0.892418742179871, -0.978384315967560, 1.226793766021729, 0.386065214872360, -0.683509767055511, 0.995894908905029, -0.477571249008179, 0.798236250877380, 0.661171853542328, -0.952208876609802, -0.033238302916288, -0.543104827404022, -0.950918197631836
0.492094486951828, 0.924555540084839, -0.738617479801178, -0.653068065643311, -0.455019593238831, 0.180735573172569, 0.775194942951202, 0.743287086486816, 1.005081772804260, -0.321424186229706, 1.279024600982666, 0.000270214019110, -0.243927210569382, -0.260541141033173, 0.108123637735844
-0.123379178345203, 0.150262206792831, -0.692480027675629, 0.011718153953552, 0.397863566875458, 0.598630487918854, 0.766063213348389, 0.203349977731705, -0.558906257152557, 0.431905597448349, 0.098377004265785, 0.528395473957062, 0.747181832790375, -1.052425384521484, -0.969225883483887
-0.999181568622589, -0.208965137600899, 0.241805225610733, -0.059191055595875, 0.148607984185219, -0.592142939567566, -0.115428179502487, -0.769246518611908, 1.373002409934998, -0.517546355724335, -0.792914569377899, -1.027054309844971, 0.003433699021116, 1.235270619392395, 0.556783735752106
0.989513933658600, 0.726384878158569, -0.231852680444717, -1.068939328193665, 0.851946353912354, -0.669810950756073, 0.213890910148621, -0.118812792003155, 0.334582477807999, 0.296129733324051, 0.277408152818680, -1.003043055534363, 0.290944397449493, 0.931759417057037, -0.034063011407852
-0.280888408422470, -0.413433104753494, 0.016052339226007, -1.310611128807068, 0.677499175071716, -0.966253817081451, -0.498745530843735, 0.593384861946106, -0.207765698432922, -0.754152595996857, -0.220807895064354, -0.888409554958344, -1.087306022644043, 0.448386400938034, -0.752823412418365
0.269062250852585, -0.716761648654938, -1.053009986877441, -0.826299786567688, -0.383049219846725, 1.337191224098206, 0.870913624763489, -0.409520000219345, 1.167048454284668, -0.712534844875336, -0.307991504669189, -1.046786785125732, 0.339192718267441, 0.225394979119301, -1.105954647064209
0.096655525267124, 0.175014510750771, -0.391866326332092, 0.211789071559906, 0.198874220252037, -0.425780743360519, -0.021232642233372, -0.589421987533569, -0.335195094347000, 0.533024489879608, -1.146009087562561, -1.189154982566833, -0.312234461307526, -0.658877789974213, -1.555366039276123
-0.546776056289673, -0.894436955451965, -0.389841586351395, 0.620719730854034, 0.010531758889556, 0.107266351580620, 0.798539996147156, 0.107251159846783, -1.521190166473389, 0.877689242362976, 0.655882477760315, 0.304599642753601, -0.519581854343414, 0.350426107645035, -0.022627752274275
-1.179704904556274, 1.381070017814636, -0.051780488342047, 0.321915805339813, 0.311513960361481, -0.211599007248878, 0.569342792034149, 1.246624231338501, 1.086092114448547, -1.391800999641418, 0.581273198127747, 0.546980679035187, -1.009094119071960, -0.935455322265625, -0.723981559276581
-0.218841359019279, 1.663267135620117, -0.823043465614319, 0.343671232461929, -0.209225967526436, -1.514439344406128, -0.414549052715302, -0.751497566699982, 0.101747199892998, 0.495389252901077, -0.702782094478607, -0.111001536250114, 1.203064680099487, 0.426321446895599, -0.918350934982300
-0.612980842590332, 0.275053560733795, -0.006219093687832, -0.362170130014420, -0.830967307090759, 0.063549518585205, -0.677549481391907, 0.438828498125076, 0.143951937556267, 0.017750091850758, 0.039701748639345, 0.693951308727264, 0.302492946386337, 0.445970714092255, 0.425827533006668
-0.361788094043732, -0.066027872264385, 0.381690204143524, -0.287353843450546, -1.579397082328796, -0.295204102993011, -1.053816199302673, -0.415481805801392, -0.327196806669235, -0.903235495090485, -0.726000368595123, -1.161329388618469, 0.307646006345749, 0.173549115657806, 1.002986550331116
0.839602470397949, 0.222008287906647, 0.322702020406723, -0.308169424533844, 0.934292674064636, -0.991561770439148, -0.080621346831322, 1.206813335418701, -0.234551474452019, -0.320023655891418, 0.553329586982727, 1.184191465377808, -0.532187402248383, 0.563812732696533, -0.124236091971397
0.280846148729324, -1.422826051712036, -0.579708695411682, 0.585373342037201, -0.097015351057053, -0.190289244055748, -0.057479314506054, -0.815172255039215, -0.614205002784729, 1.065334320068359, 0.265416443347931, 0.848388910293579, 0.362650156021118, -1.188570737838745, -1.691753149032593
0.311590641736984, 1.084990501403809, -0.240415871143341, -0.102275930345058, 0.597107648849487, -0.648754596710205, -0.766858994960785, 0.209728673100471, -0.964823365211487, 0.152352690696716, 0.183040812611580, 0.186211228370667, -0.574313640594482, 0.339896827936172, 0.429941445589066
-1.180062294006348, 0.051603551954031, 0.344047844409943, -0.543237507343292, -0.243734851479530, -0.184049785137177, -0.456060916185379, 0.507813870906830, 0.603694856166840, -0.831733524799347, -0.510752618312836, -0.481157630681992, -0.946147859096527, -0.544746756553650, -1.125573039054871
0.834017753601074, -0.188225552439690, -1.299622893333435, -0.010792770422995, 0.617770910263062, -0.532432377338409, 0.840934097766876, -0.914546847343445, -0.616525888442993, -0.644547700881958, -0.575328469276428, 0.204355731606483, -0.266687929630280, 0.683764934539795, -0.002318738726899
-0.181677252054214, -0.511683881282806, -0.703090727329254, 0.667256534099579, 0.596814811229706, 0.099852308630943, 1.496734738349915, -1.080322980880737, 0.352423518896103, 0.280807673931122, 0.134560137987137, 0.687605321407318, -0.473297178745270, 0.405603259801865, -0.916607260704041
1.090074419975281, -0.082389585673809, -0.899751663208008, -0.390662193298340, -0.053210373967886, 0.922976970672607, -0.926862001419067, -0.324388414621353, 0.149643614888191, -0.580417394638062, -0.794749617576599, -0.315032362937927, -0.165428295731544, -0.157524019479752, -0.139275521039963
0.410434961318970, -0.382247030735016, -1.232144236564636, 0.494179904460907, -0.036998149007559, 0.854082703590393, -1.269238471984863, -0.576307654380798, 0.549765646457672, 0.159171611070633, -0.954456090927124, 0.104904837906361, 0.604758322238922, 0.719473779201508, -0.650519013404846
-0.967102885246277, 0.521215021610260, -0.597726702690125, 0.362861782312393, -0.400328636169434, 0.311558932065964, -1.258070707321167, 0.681307852268219, 0.860591709613800, -1.118213176727295, -0.424184083938599, -0.736727297306061, -1.778378844261169, 0.779855489730835, 0.038986492902040
0.528458595275879, 0.371070593595505, 0.939145922660828, -1.443997979164124, -0.440090000629425, 0.022913111373782, 0.856893718242645, -0.472021222114563, 0.940885841846466, 0.829319417476654, -0.242215171456337, -0.075763911008835, -0.855726957321167, -0.989642322063446, -0.443585425615311
-0.861537218093872, -0.888916909694672, -0.041767973452806, -0.383183896541595, 0.123438097536564, 0.178749933838844, -1.407528519630432, -1.455207109451294, 0.640386641025543, -0.499732971191406, -0.202290043234825, 0.496017634868622, 0.340825825929642, 1.421770691871643, 0.881363987922668
0.151428863406181, -0.604641377925873, 0.032545853406191, -0.600947141647339, -0.310546875000000, -0.428785502910614, -0.328300833702087, 1.090284824371338, -0.585182428359985, -1.452439427375793, -1.220826983451843, 0.416909188032150, 0.528575241565704, -0.241142332553864, 0.221572920680046
0.760712921619415, -0.467499613761902, 0.130766078829765, -0.939419984817505, 0.042687468230724, 0.038186773657799, 0.669293463230133, -0.006010309793055, 1.112911820411682, 0.476975023746490, 0.869912266731262, -0.056745242327452, -1.545789957046509, -0.021195726469159, 0.394761085510254
0.841726720333099, 0.305484294891357, 0.309532016515732, 0.220970302820206, -0.579440534114838, -0.348032534122467, 0.450802713632584, 0.243954494595528, -0.671846807003021, -0.440308123826981, 0.845669150352478, 0.551044762134552, -0.236439332365990, -1.351716399192810, -1.141453504562378
-0.549006402492523, -0.021154688671231, -0.166814848780632, 0.478441476821899, 0.466118812561035, -0.705593407154083, -0.438326120376587, -0.769719064235687, 0.655981302261353, -0.487670421600342, -1.714514374732971, 1.118496775627136, 0.807342529296875, -0.933398306369781, 0.057840347290039
-0.210931748151779, 1.213497042655945, -0.441149652004242, 0.648772835731506, 0.455470442771912, -1.089585781097412, -0.256634205579758, -0.952319204807281, -1.648826956748962, 0.170452266931534, 0.616986095905304, -0.018785152584314, -1.347610473632812, -1.077244997024536, -1.365252852439880
-0.927419900894165, 0.215303421020508, 1.072365641593933, 0.024043079465628, 1.137490153312683, 0.899201512336731, -0.527204275131226, 0.799989104270935, -0.339524418115616, 1.182395100593567, -0.982867479324341, 0.313073307275772, 0.597772896289825, 0.984128415584564, -0.726921141147614
0.844160854816437, 1.140683889389038, 1.475140452384949, 0.557460010051727, 0.469370663166046, -0.137365922331810, -0.097344636917114, -1.022872686386108, -0.006205797661096, 0.121963225305080, 0.151726201176643, -0.005792545620352, 0.684210121631622, -0.786661207675934, 1.174982666969299
-0.452595829963684, -1.386108994483948, 0.209983810782433, -0.254461795091629, -0.283028215169907, -1.440233707427979, -0.188382282853127, -0.152662038803101, 0.358966380357742, -1.190526843070984, 1.102515697479248, 0.839813411235809, 0.693740725517273, -0.213603198528290, -0.111051537096500
-0.613094031810760, 0.498717188835144, 0.554004013538361, -0.089932180941105, 0.062934488058090, 0.613843679428101, -0.460956186056137, -0.504644811153412, -0.614993751049042, 1.369539737701416, -0.616459846496582, -1.058111310005188, 0.197786107659340, 0.578709781169891, -0.169782102108002
-1.092957377433777, 0.791837036609650, -0.104220941662788, 0.724162042140961, -0.473524659872055, 0.781379163265228, -0.714593231678009, 0.333218991756439, -0.466307222843170, 0.072954542934895, 0.404055744409561, -0.016005933284760, 0.411776959896088, 0.394911915063858, -0.921349287033081
-0.677472829818726, 1.259451270103455, 0.356532514095306, 0.686031222343445, 0.138041839003563, -0.872106850147247, 0.554567158222198, -0.186224535107613, 0.167106881737709, 0.287158489227295, 0.185806378722191, -0.143639951944351, 0.059378687292337, -0.958621561527252, -0.072342328727245
1.448607444763184, -0.781375944614410, 0.152731433510780, 0.423502236604691, -0.189151480793953, 0.560450851917267, -1.231414556503296, -0.706427454948425, -0.336353838443756, -0.555792987346649, -0.488689601421356, 0.829214572906494, 0.848300576210022, 0.230250030755997, -0.801216423511505
-0.216047093272209, 0.798324823379517, -0.647081613540649, 0.301577329635620, -0.207657724618912, -0.163476094603539, -0.443207681179047, -0.296129792928696, -0.500400364398956, 0.810073018074036, 1.053438901901245, -0.029086545109749, 0.652749180793762, 1.082054972648621, 0.385089546442032
-0.081936165690422, -0.924101293087006, 0.173562079668045, 1.423546075820923, 0.237751960754395, -0.091423876583576, 0.050328608602285, 1.859962701797485, 0.576064050197601, 0.409682214260101, 0.840636074542999, -1.011981844902039, 0.292713999748230, 0.961816549301147, -0.986358046531677
0.389697521924973, -0.041257437318563, -0.039844695478678, 0.815682172775269, -0.653879404067993, -0.148146882653236, -0.291295528411865, 0.397502928972244, -0.189277037978172, -1.531513571739197, -0.305484175682068, 1.616037368774414, 0.651526749134064, -0.764751374721527, 0.730262339115143
0.415755182504654, -0.654771745204926, -0.237170800566673, 1.427560687065125, 1.505762815475464, 0.810956716537476, -0.728069782257080, -0.706710517406464, 1.678695797920227, 0.565824389457703, -1.385915398597717, 0.049440540373325, -1.236936807632446, -1.070403933525085, -0.166622489690781
-0.607786893844604, -0.609844803810120, -0.788910567760468, -0.558651208877563, 0.304461687803268, -0.519616425037384, -1.586045145988464, 0.306405961513519, 0.390019506216049, -0.396917492151260, 0.203939288854599, 0.342508107423782, 0.886685788631439, 1.556936979293823, 0.061973843723536
-1.198710680007935, -0.055721774697304, 0.438897073268890, 0.239339113235474, 0.255293041467667, 0.767678856849670, -0.579006135463715, -0.548271298408508, 0.937217473983765, -0.135020032525063, 0.273496657609940, -0.231817498803139, -0.122677482664585, 0.017765782773495, 0.436440825462341
-0.354890227317810, -0.776931941509247, 0.555770874023438, 0.423668831586838, -0.555469989776611, -1.121771335601807, -0.060972716659307, 0.604411959648132, -0.631727874279022, -1.611695170402527, -1.312607407569885, -0.617558360099792, -1.115476012229919, 0.193079277873039, -0.041352562606335
-0.735049307346344, 0.083474896848202, -1.011150121688843, 0.621955692768097, 0.268798977136612, 0.677361786365509, 0.626230657100677, 0.743101179599762, 0.097977347671986, 0.866613030433655, -0.876181185245514, -0.547683238983154, 0.201658368110657, -0.639495372772217, 0.426731944084167
-0.714225292205811, -0.074959464371204, -0.546532511711121, 1.860564589500427, 0.371823489665985, -0.576108276844025, 0.848517715930939, 1.057049393653870, -0.326126664876938, -0.620865464210510, 0.421809166669846, 0.116597048938274, -0.319569528102875, -0.103579640388489, 0.888518393039703
-1.342155933380127, 0.323837518692017, 0.234764456748962, -0.454901725053787, -0.892615556716919, 0.910263299942017, 0.984696745872498, 0.244884043931961, 0.790478944778442, 0.517125666141510, 0.163875386118889, -0.326063692569733, -0.555618584156036, 0.545082092285156, 0.817715644836426
-1.131908178329468, -0.110787995159626, 0.950686991214752, -0.843170285224915, -0.934554576873779, -1.910911440849304, 0.428739756345749, -0.061835169792175, -0.581714093685150, 0.671057939529419, -0.563289463520050, -0.282193392515182, -0.348131537437439, -0.218958869576454, 0.159984514117241
1.297702550888062, -0.624991655349731, -0.242669925093651, -0.057211916893721, -0.627406895160675, -0.714664280414581, -0.458697557449341, 0.019572479650378, 1.591487526893616, 0.622392714023590, 0.274919420480728, 0.379162907600403, -0.402346044778824, 0.249229535460472, 0.313692927360535
-0.444628775119781, 0.674104869365692, -0.868500888347626, 0.585120856761932, 0.438964843750000, -0.051127392798662, -0.519675374031067, 0.614870905876160, 0.780672788619995, 0.833275318145752, -0.637618780136108, 1.009626150131226, 0.952631890773773, 0.428901463747025, 0.111728362739086
-0.474372684955597, -0.402555346488953, 0.911349058151245, -0.680906116962433, -0.798709332942963, 1.202680826187134, -0.711052417755127, -0.572320461273193, 0.409528225660324, 0.965466856956482, -0.176518276333809, -0.169515907764435, -0.550827205181122, -0.221898525953293, -0.039178721606731
0.958194077014923, -0.053304176777601, -0.574878752231598, 0.403635561466217, -0.864740788936615, -0.615746796131134, -0.113358832895756, 0.035332672297955, 0.204919159412384, -0.385250329971313, -0.375790625810623, 0.515076458454132, 0.268195331096649, 1.121484279632568, 1.049020171165466
-0.027662143111229, -0.623671889305115, 1.060989499092102, -0.494423300027847, -0.461744010448456, -1.128058195114136, 0.775496184825897, -0.221306756138802, 0.163605839014053, -0.418655455112457, 0.161162123084068, 0.376578181982040, -0.839166998863220, 0.967578172683716, -0.798004448413849
1.084914445877075, 0.077697291970253, -0.389879614114761, 0.464689433574677, 0.570797443389893, 0.298572063446045, 1.220796227455139, 1.048158645629883, -0.001312024192885, -0.603523969650269, 0.271094799041748, 0.197425797581673, 0.127570167183876, -0.012654472142458, 0.818433046340942
0.010672193951905, 0.103390499949455, 0.367296874523163, 0.319351881742477, -0.398908734321594, -1.177924752235413, -0.336926013231277, 0.998363733291626, 0.032368801534176, -0.738233685493469, -0.788684487342834, 0.420194745063782, -0.385172516107559, -0.788521230220795, -1.225279092788696
-0.247511461377144, -1.878486633300781, -0.278439462184906, -0.573147952556610, 0.378000497817993, -0.968077957630157, 0.711967468261719, 0.664701044559479, 0.243033602833748, 0.748550832271576, -0.766882121562958, -0.001812860951759, -0.180767968297005, 0.349135696887970, 0.046142809092999
-0.311783105134964, -0.760313749313354, 0.241553112864494, -0.438935726881027, 0.844535887241364, 0.775936186313629, 0.012863982468843, -0.810957789421082, 0.068509235978127, 0.243166148662567, -0.202080383896828, -0.065649375319481, -0.323570907115936, -1.344456553459167, 0.662960469722748
-0.776729881763458, -0.848583281040192, -0.654879331588745, 1.173237085342407, -1.133443236351013, 0.521913170814514, -0.108829215168953, -0.772653162479401, 0.142206460237503, -1.038888573646545, -0.129930689930916, 0.606745719909668, -1.332047343254089, -0.650575757026672, 0.445089578628540
0.352730810642242, 0.375257849693298, -0.488380312919617, -0.597019553184509, 1.375653743743896, -0.855398118495941, -0.772519826889038, 0.387415021657944, 0.327778309583664, 0.860033988952637, 1.398573756217957, 0.341129541397095, 0.116815350949764, 0.069731630384922, -0.633833348751068
0.992881238460541, -0.393890649080276, -0.020856644958258, 0.415149599313736, -0.036830112338066, 1.335359692573547, -0.517763793468475, -0.823126792907715, -1.008283138275146, -0.421970516443253, -0.094978779554367, -1.058834910392761, -0.771290302276611, 0.535649716854095, -0.107478320598602
0.134189233183861, 1.078360557556152, 0.544114112854004, 0.311755061149597, 0.656414031982422, 1.041076898574829, 1.084143996238708, -0.456635624170303, -0.498672306537628, 0.617926597595215, -0.838186204433441, 0.074072889983654, -1.330520033836365, 1.724444389343262, 0.593151330947876
-0.233854874968529, 1.151187539100647, -1.170208334922791, -0.255421489477158, -0.016350898891687, 0.971655070781708, 1.014420032501221, 1.591956138610840, 0.028433037921786, 0.534579515457153, -0.993037641048431, 0.921179115772247, 0.058950893580914, 0.781943619251251, -0.052289303392172
-0.026689989492297, 0.705509185791016, -0.651243209838867, -1.505262374877930, 0.358251273632050, 0.952036261558533, -0.795113623142242, -0.752221584320068, -1.234525442123413, -0.676348924636841, -0.007155907806009, 0.976305782794952, -0.663758873939514, -0.419992685317993, 1.087841749191284
-0.236025556921959, 0.276718586683273, -0.482913374900818, 0.443266153335571, 0.443578869104385, -0.026980837807059, -1.208249807357788, 1.137954831123352, -0.885356843471527, -0.603731453418732, -0.628466725349426, -1.390941858291626, 0.615603506565094, 0.698652863502502, -1.337186813354492
-1.063958406448364, 0.772813856601715, -0.598505616188049, -1.164716720581055, 0.439237564802170, 0.947404026985168, -0.404353737831116, 0.616851866245270, -0.165378794074059, -1.162190437316895, -0.306763887405396, 0.491795867681503, 0.896921336650848, -0.604956269264221, 0.755684792995453
-0.349170655012131, 0.145635560154915, 0.140427023172379, -1.052848458290100, 0.814596295356750, -0.275294810533524, 0.584579527378082, 0.150550723075867, -0.198689535260201, -0.353022843599319, -0.841960370540619, 0.540021359920502, 0.926372945308685, -0.681304156780243, -0.716380655765533
-0.958672106266022, 0.708721101284027, 0.483578473329544, -0.369948625564575, 0.725500047206879, 0.248886659741402, 0.268939495086670, -0.937889099121094, -1.398143172264099, -0.341946661472321, -0.550660848617554, 0.679323852062225, 0.363227069377899, 0.881390273571014, -0.034045126289129
-0.343272775411606, 0.510184407234192, 0.428348809480667, 0.142593488097191, -0.869793772697449, -0.301463901996613, 0.614762187004089, -0.059395778924227, -0.659018635749817, 0.480665296316147, -0.447601974010468, -0.893399119377136, -0.407990187406540, 0.638464033603668, -0.814322113990784
0.277673333883286, 0.079534821212292, 1.134431719779968, 1.174772977828979, 0.627719581127167, 0.556555926799774, -0.696114778518677, -0.109411291778088, -0.214694589376450, 0.760392606258392, 0.476769655942917, 0.622792243957520, -0.138402149081230, -0.699328064918518, 0.791181981563568
0.674633860588074, 0.713251948356628, 0.193816244602203, -0.405970573425293, -0.810833632946014, -0.440869301557541, -1.005558252334595, -0.162057921290398, 0.192172899842262, -0.324968069791794, 0.719404101371765, 0.489010334014893, -0.331597506999969, 0.917398393154144, -0.705514073371887
-0.916215837001801, 0.743248522281647, -0.872507095336914, -0.087775714695454, -0.940966546535492, -0.030576657503843, -0.155255302786827, 1.316398024559021, -0.731830358505249, -0.218077361583710, -0.256971865892410, -0.644690513610840, -0.238200619816780, 0.455083489418030, 0.015591287054121
-0.031636133790016, -0.528447151184082, -0.405888348817825, -0.984562098979950, -0.499987095594406, -0.526017129421234, -0.123790711164474, 0.090562105178833, -0.078329227864742, 0.212513923645020, -0.788045167922974, -0.034723423421383, 0.290743082761765, -0.849578738212585, -1.012412786483765
0.064223982393742, -0.526188492774963, -1.132667303085327, -0.711223244667053, -1.305097222328186, 0.522577285766602, -0.600823283195496, -0.168837577104568, 0.668718576431274, 0.021036798134446, -0.359347105026245, -0.311455875635147, -0.324108511209488, -1.290928244590759, 0.595959007740021
0.159550264477730, 1.497124433517456, -0.630898356437683, -0.703416645526886, -0.997949481010437, 0.749075353145599, 0.340571403503418, 0.207840323448181, -0.000144853795064, -1.015409111976624, 0.059028223156929, -0.234530657529831, 1.035263776779175, 1.508183121681213, -0.333338469266891
-0.885208070278168, -0.579556822776794, -0.745945632457733, -0.788345158100128, 0.856800258159637, -0.735738217830658, 0.392958670854568, -0.486595034599304, 0.522840380668640, 0.590781748294830, 0.125762537121773, 0.007761667016894, -0.086093656718731, 0.969765782356262, 0.286284834146500
-1.086918354034424, 0.287889778614044, -0.489721029996872, 0.403580635786057, -0.135678038001060, 0.100055836141109, 0.741605758666992, -0.549853622913361, 1.416405320167542, -1.171122789382935, -0.011095668189228, -0.628141999244690, 0.494048446416855, -1.068217158317566, -0.337909638881683
-0.105062894523144, 0.420934438705444, 0.075948417186737, -0.547537565231323, 0.348865389823914, -0.130685642361641, -0.547450661659241, -0.974676489830017, -0.673520505428314, -0.762363433837891, -0.545736968517303, 1.360020875930786, 0.358201056718826, 0.552453577518463, -0.409569472074509
0.734884083271027, 0.412893146276474, 0.484959393739700, 0.515209853649139, -0.140983849763870, 0.660477876663208, 1.130241513252258, 0.503577172756195, 0.182314887642860, 0.286294609308243, 0.360410630702972, -0.254940658807755, 0.204511255025864, 0.451410472393036, -0.835715472698212
1.040940046310425, -0.212969616055489, -0.665963888168335, 0.009354718029499, -1.098281741142273, -0.329660058021545, 1.081531047821045, -0.421189129352570, 1.286741495132446, -0.785271406173706, 0.070908799767494, 0.444015175104141, 0.162447959184647, -0.671471655368805, -1.191573858261108
0.056094724684954, -0.746211528778076, -0.523821771144867, 0.414882689714432, -0.252905100584030, -0.310959309339523, 0.847093462944031, 0.171225205063820, -0.653648138046265, 0.949683904647827, -0.389478355646133, -0.397039115428925, -0.740553319454193, -0.952675580978394, 0.524265944957733
0.926998198032379, -0.120987705886364, -0.393875122070312, 0.749125957489014, -1.487936615943909, -1.134564995765686, -0.672205567359924, 0.842561602592468, -0.241078034043312, 0.520418345928192, 0.600866079330444, -1.218913793563843, 0.301396667957306, 0.871211767196655, 0.174098715186119
0.633176684379578, 0.521423995494843, 0.587369143962860, -0.973487675189972, -0.636839330196381, 0.696860194206238, -0.155558943748474, -0.563530504703522, 0.334167480468750, 0.274199753999710, 0.773270308971405, -0.217656314373016, -1.784645795822144, 0.761879503726959, 0.707037091255188
-1.226645946502686, -0.175296500325203, 0.180097088217735, -0.235692769289017, 0.602397441864014, 0.038507319986820, -0.163459330797195, -1.073552966117859, 0.178849771618843, -0.154664665460587, 0.927246987819672, 0.683075845241547, 0.323396712541580, -0.419134646654129, 0.432293653488159
-1.468593716621399, -0.400194287300110, 0.371887624263763, 0.177663281559944, -0.780139803886414, 0.371039479970932, 0.440925627946854, -0.901097238063812, 0.854265034198761, -0.685508430004120, 0.687343239784241, -0.993439197540283, -0.343592762947083, -1.047661304473877, -0.162895992398262
-0.451631098985672, -1.052317380905151, -0.793420493602753, 1.088373303413391, 0.372442066669464, 0.051094513386488, 0.277685075998306, -0.545737683773041, -0.503759682178497, 0.886884570121765, -1.177881240844727, -0.547525107860565, 0.062809303402901, -0.840578854084015, 1.441639423370361
-0.287428975105286, 0.433868199586868, -1.457306265830994, -0.783159375190735, 0.948260724544525, -0.480511844158173, 0.954639911651611, -0.111235029995441, -0.112756013870239, 0.338455975055695, 0.413939893245697, -0.081680193543434, 0.580787181854248, -0.522034764289856, -0.041121412068605
0.272508144378662, 0.502704143524170, 0.971822321414948, -0.314172685146332, -0.067878969013691, 1.704590439796448, -0.060246497392654, -0.545506179332733, 0.306295990943909, -0.293395161628723, -0.054954670369625, -0.101771533489227, -0.355170726776123, 0.631456315517426, -1.431464195251465
1.045739412307739, -1.070208787918091, -0.055068902671337, -0.929893016815186, 0.088415555655956, 0.379513472318649, 1.120747089385986, -0.932812035083771, -0.607221424579620, -0.750781953334808, 1.286691665649414, -0.553176105022430, 1.316056251525879, 0.846754789352417, 0.799898862838745
1.091664314270020, -0.616580784320831, 0.148024722933769, -0.762617766857147, 0.356567531824112, 0.138910144567490, -0.399634093046188, 0.538537561893463, 0.555738210678101, -0.262235581874847, 0.915072381496429, -1.079493641853333, 0.079806730151176, 0.239907786250114, -1.064122915267944
0.548538923263550, 0.185086846351624, -0.408789813518524, 0.204968333244324, 0.069340571761131, 1.042021512985229, 1.259562015533447, 0.594892740249634, -0.388995915651321, -1.003481507301331, -0.153820723295212, -1.007442712783813, 0.027073515579104, -0.861404955387115, 0.006435666233301
0.840845942497253, -0.944311678409576, 0.588093698024750, -0.490385681390762, -0.370835870504379, 0.184942424297333, 0.331544011831284, -0.700224161148071, 1.026458501815796, -0.064154140651226, 0.866128802299500, 0.061139293015003, 0.750178754329681, -0.964247584342957, 0.535677552223206
0.534479856491089, 0.106612592935562, 1.413472414016724, -0.657675564289093, 0.263755053281784, 0.859554827213287, 0.718448758125305, 1.310707926750183, -0.255909979343414, -0.775369524955750, 0.744353830814362, -0.918978989124298, 1.188073754310608, 0.702936172485352, 0.307804644107819
0.301982432603836, -0.529798865318298, 1.621564269065857, 0.598797738552094, 0.965397715568542, 0.394320458173752, -0.339276671409607, -0.336069136857986, 1.009736418724060, -0.675792455673218, 0.554303884506226, -0.767180681228638, -0.337926566600800, 0.956149220466614, 0.156499639153481
-0.272367268800735, -1.523077130317688, 0.858462452888489, -0.158759444952011, 0.292024433612823, 1.839802742004395, 0.456403195858002, -0.159553438425064, -0.714832007884979, -0.613412261009216, -0.987743675708771, -0.767914712429047, -0.026666440069675, 0.220295265316963, -0.676756381988525
0.946978509426117, -0.357304126024246, -0.560839176177979, -0.350458383560181, 1.844838142395020, -0.380704879760742, -0.996350467205048, 0.403757482767105, -0.313150137662888, -0.329963266849518, 0.249240055680275, 0.095615237951279, -0.628793597221375, 0.000683702004608, -1.116242170333862
1.130962848663330, 0.146803811192513, -0.922425925731659, -0.336344420909882, 0.198917627334595, -0.046762365847826, 0.964197993278503, 0.234389245510101, -0.904864311218262, -0.463163554668427, -1.314430594444275, 0.244297280907631, 0.311132162809372, -0.397307753562927, 0.921561598777771
-0.433334797620773, 0.373428106307983, 0.251617461442947, 1.195798039436340, -0.477347463369370, 0.219655185937881, 0.261845439672470, 0.009661884978414, 0.972676992416382, 1.167496323585510, -0.577473640441895, -0.954747319221497, 0.322281032800674, -0.078845083713531, -0.552945733070374
-0.222962737083435, 1.164737582206726, 0.427985399961472, 0.648422300815582, -0.364826202392578, -0.432928889989853, 0.017086826264858, -0.066860668361187, -0.323557972908020, 0.780646622180939, 0.048865854740143, 0.112361863255501, 0.989195466041565, 0.440203189849854, 0.750485062599182
0.531226396560669, -1.370458245277405, 0.263911992311478, 0.551796317100525, -0.230457574129105, -0.782922446727753, -0.921248495578766, 0.182715952396393, -0.721557378768921, 0.056673586368561, -0.466307520866394, -0.670993685722351, -0.052142515778542, 0.269301533699036, 0.871968448162079
0.189204126596451, -0.839187026023865, 0.648299098014832, -1.060723185539246, -1.358810782432556, 0.798834800720215, -0.179680094122887, 0.585320353507996, -0.648349463939667, 0.141345396637917, -0.672030746936798, 0.503672420978546, 0.146489337086678, -0.605118036270142, -0.035459265112877
-0.176591530442238, 0.942803859710693, 0.516628921031952, -0.187222331762314, 0.034009002149105, -0.171088874340057, -0.457738459110260, -0.049436260014772, 0.368555843830109, -0.388212054967880, -1.286241054534912, -1.397298455238342, 0.842047810554504, -1.025302410125732, -0.263723999261856
0.407253891229630, 0.510135412216187, -0.899425089359283, 0.009406729601324, -0.534084856510162, 0.507896125316620, -0.436656236648560, -0.129082307219505, -0.265256613492966, -1.059435486793518, -0.896145522594452, 0.046503107994795, -1.037154078483582, -0.095377311110497, -0.424693554639816
-0.387672960758209, -0.390773922204971, 0.969057440757751, 0.202886074781418, -0.689375281333923, 0.253336727619171, -0.362645000219345, 1.102033376693726, -0.910119712352753, 0.907559514045715, 0.935244202613831, 1.086332440376282, 1.094328761100769, -0.637471318244934, 0.184583291411400
-0.856079101562500, -0.074079357087612, -0.193829402327538, 0.980652332305908, -1.039538383483887, 0.677599549293518, -0.984901368618011, -0.484291672706604, 0.704906284809113, -0.039484523236752, 0.414720386266708, 0.672608137130737, -0.231406614184380, 0.514083325862885, -0.701561093330383
-0.495191127061844, -0.032356299459934, -0.619973301887512, -0.241230025887489, -0.838499188423157, -0.328949391841888, -0.793912768363953, -0.818220019340515, 0.528139233589172, 0.043882478028536, -0.221487477421761, 0.490330845117569, 0.060399189591408, 0.574184417724609, -0.305950611829758
-1.031620860099792, -1.150081753730774, 0.392645061016083, 0.240948647260666, -0.332514673471451, -0.667067825794220, -0.229526877403259, 0.716202080249786, -0.968713164329529, 0.568410098552704, 0.473063290119171, -0.446376472711563, -0.342807561159134, 0.155102506279945, -0.239805310964584
0.108684673905373, -0.078789904713631, -0.342426061630249, -0.042666852474213, -1.621237158775330, -0.212371781468391, -1.087322711944580, 1.153541207313538, -0.784435749053955, 0.970289230346680, 0.343247562646866, -0.812711358070374, -0.240954414010048, -0.601188838481903, -0.080610670149326
-0.062148608267307, -1.281067132949829, -0.758899748325348, -0.639874339103699, -1.269800305366516, -0.788281023502350, -0.041323538869619, -0.195922270417213, -0.906551599502563, -0.067211128771305, 0.191784322261810, -0.131604790687561, 0.278260707855225, 0.203079596161842, -0.436016738414764
0.166018143296242, -0.183211684226990, -0.509584367275238, 1.174245238304138, 1.221417784690857, -0.141931846737862, 0.337743878364563, 1.480306506156921, -0.605339407920837, -1.414981961250305, 0.053597010672092, -0.409136384725571, -0.644861340522766, -0.364607214927673, 1.011320829391479
1.428973078727722, 0.263742446899414, -0.760496377944946, -0.165868803858757, -0.645617604255676, -0.886863291263580, 0.222259923815727, -0.611096978187561, 0.225926026701927, 0.828929483890533, -0.285145521163940, -0.328932434320450, -0.938302993774414, 0.818742513656616, 0.344922900199890
0.671118319034576, 0.992275178432465, -0.030445622280240, -0.849530935287476, 0.883243918418884, 0.797980248928070, -1.088537693023682, 1.411876916885376, 0.088270016014576, -0.375624507665634, -0.684928834438324, 0.182334661483765, -1.228943347930908, -0.555428624153137, 0.921260356903076
-0.723962545394897, 0.360102266073227, -0.887150824069977, -0.347561717033386, -0.231365799903870, -0.315878421068192, 1.131197452545166, -0.453878849744797, 0.564026772975922, -1.238314270973206, 0.679672777652740, -0.615508913993835, -0.391531765460968, 0.506288290023804, -0.685383200645447
0.872424900531769, -0.298707664012909, -0.464617222547531, 1.511191368103027, -0.067898012697697, 0.349097847938538, -0.979158341884613, 1.292655706405640, 0.782471179962158, -0.842300713062286, -0.082991585135460, 0.155833616852760, -0.113351702690125, 0.797570586204529, -0.121215015649796
1.362343668937683, -0.894309461116791, -0.262262850999832, 0.909513711929321, -1.217342495918274, -0.006846412550658, -0.302849322557449, 0.455944687128067, 0.482842087745667, 0.783204078674316, 0.301336556673050, -0.089243821799755, -0.076156698167324, 0.140992417931557, -1.113651633262634
